--
-- Database Dump
-- Experiment ID: default_slice-2012-05-02t21.42.12+02.00
--
PRAGMA foreign_keys=OFF;
BEGIN TRANSACTION;
CREATE TABLE _senders (name TEXT PRIMARY KEY, id INTEGER UNIQUE);
INSERT INTO "_senders" VALUES('Sender',1);
INSERT INTO "_senders" VALUES('Receiver',2);
CREATE TABLE _experiment_metadata (key TEXT PRIMARY KEY, value TEXT);
INSERT INTO "_experiment_metadata" VALUES('start_time','1148712440');
CREATE TABLE "otg2_udp_out" (oml_sender_id INTEGER, oml_seq INTEGER, oml_ts_client REAL, oml_ts_server REAL, "ts_avg" REAL, "ts_min" REAL, "ts_max" REAL, "flow_id_avg" REAL, "flow_id_min" REAL, "flow_id_max" REAL, "seq_no_avg" REAL, "seq_no_min" REAL, "seq_no_max" REAL, "pkt_length_avg" REAL, "pkt_length_min" REAL, "pkt_length_max" REAL, "dst_host" TEXT, "dst_port_avg" REAL, "dst_port_min" REAL, "dst_port_max" REAL);
INSERT INTO "otg2_udp_out" VALUES(1,1,0.969133999198675,187275347.941891,0.0,0.0,0.0,0.0,0.0,0.0,0.0,0.0,0.0,0.0,0.0,0.0,'',0.0,0.0,0.0);
INSERT INTO "otg2_udp_out" VALUES(1,2,1.06940899975598,187275348.039513,0.0,0.0,0.0,0.0,0.0,0.0,0.0,0.0,0.0,0.0,0.0,0.0,'',0.0,0.0,0.0);
INSERT INTO "otg2_udp_out" VALUES(1,3,1.16956999897957,187275348.139721,0.0,0.0,0.0,0.0,0.0,0.0,0.0,0.0,0.0,0.0,0.0,0.0,'',0.0,0.0,0.0);
INSERT INTO "otg2_udp_out" VALUES(1,4,1.26972699910402,187275348.239648,0.0,0.0,0.0,0.0,0.0,0.0,0.0,0.0,0.0,0.0,0.0,0.0,'',0.0,0.0,0.0);
INSERT INTO "otg2_udp_out" VALUES(1,5,1.36988699994981,187275348.339838,0.0,0.0,0.0,0.0,0.0,0.0,0.0,0.0,0.0,0.0,0.0,0.0,'',0.0,0.0,0.0);
INSERT INTO "otg2_udp_out" VALUES(1,6,1.47004899941385,187275348.440035,0.0,0.0,0.0,0.0,0.0,0.0,0.0,0.0,0.0,0.0,0.0,0.0,'',0.0,0.0,0.0);
INSERT INTO "otg2_udp_out" VALUES(1,7,1.57021499983966,187275348.540227,0.0,0.0,0.0,0.0,0.0,0.0,0.0,0.0,0.0,0.0,0.0,0.0,'',0.0,0.0,0.0);
INSERT INTO "otg2_udp_out" VALUES(1,8,1.67037199996412,187275348.640428,0.0,0.0,0.0,0.0,0.0,0.0,0.0,0.0,0.0,0.0,0.0,0.0,'',0.0,0.0,0.0);
INSERT INTO "otg2_udp_out" VALUES(1,9,1.77051499858499,187275348.740661,0.0,0.0,0.0,0.0,0.0,0.0,0.0,0.0,0.0,0.0,0.0,0.0,'',0.0,0.0,0.0);
INSERT INTO "otg2_udp_out" VALUES(1,10,1.87064899876714,187275348.840773,1.82913399860263,1.82913399860263,1.82913399860263,1.0,1.0,1.0,1.0,1.0,1.0,512.0,512.0,512.0,'192.168.0.3',3000.0,3000.0,3000.0);
INSERT INTO "otg2_udp_out" VALUES(1,11,1.97077399864793,187275348.940778,0.0,0.0,0.0,0.0,0.0,0.0,0.0,0.0,0.0,0.0,0.0,0.0,'',0.0,0.0,0.0);
INSERT INTO "otg2_udp_out" VALUES(1,12,2.07089599967003,187275349.04091,0.0,0.0,0.0,0.0,0.0,0.0,0.0,0.0,0.0,0.0,0.0,0.0,'',0.0,0.0,0.0);
INSERT INTO "otg2_udp_out" VALUES(1,13,2.17102399840951,187275349.141147,0.0,0.0,0.0,0.0,0.0,0.0,0.0,0.0,0.0,0.0,0.0,0.0,'',0.0,0.0,0.0);
INSERT INTO "otg2_udp_out" VALUES(1,14,2.2711479999125,187275349.241303,0.0,0.0,0.0,0.0,0.0,0.0,0.0,0.0,0.0,0.0,0.0,0.0,'',0.0,0.0,0.0);
INSERT INTO "otg2_udp_out" VALUES(1,15,2.37127599865198,187275349.341243,0.0,0.0,0.0,0.0,0.0,0.0,0.0,0.0,0.0,0.0,0.0,0.0,'',0.0,0.0,0.0);
INSERT INTO "otg2_udp_out" VALUES(1,16,2.47139899805188,187275349.44143,0.0,0.0,0.0,0.0,0.0,0.0,0.0,0.0,0.0,0.0,0.0,0.0,'',0.0,0.0,0.0);
INSERT INTO "otg2_udp_out" VALUES(1,17,2.57151799649,187275349.541644,0.0,0.0,0.0,0.0,0.0,0.0,0.0,0.0,0.0,0.0,0.0,0.0,'',0.0,0.0,0.0);
INSERT INTO "otg2_udp_out" VALUES(1,18,2.6716389991343,187275349.641817,0.0,0.0,0.0,0.0,0.0,0.0,0.0,0.0,0.0,0.0,0.0,0.0,'',0.0,0.0,0.0);
INSERT INTO "otg2_udp_out" VALUES(1,19,2.77176599949598,187275349.74177,0.0,0.0,0.0,0.0,0.0,0.0,0.0,0.0,0.0,0.0,0.0,0.0,'',0.0,0.0,0.0);
INSERT INTO "otg2_udp_out" VALUES(1,20,2.87188999727368,187275349.841973,2.8290929980576,2.8290929980576,2.8290929980576,1.0,1.0,1.0,2.0,2.0,2.0,512.0,512.0,512.0,'192.168.0.3',3000.0,3000.0,3000.0);
INSERT INTO "otg2_udp_out" VALUES(1,21,2.97202399745584,187275349.942149,0.0,0.0,0.0,0.0,0.0,0.0,0.0,0.0,0.0,0.0,0.0,0.0,'',0.0,0.0,0.0);
INSERT INTO "otg2_udp_out" VALUES(1,22,3.07214899733663,187275350.042337,0.0,0.0,0.0,0.0,0.0,0.0,0.0,0.0,0.0,0.0,0.0,0.0,'',0.0,0.0,0.0);
INSERT INTO "otg2_udp_out" VALUES(1,23,3.1722769998014,187275350.142303,0.0,0.0,0.0,0.0,0.0,0.0,0.0,0.0,0.0,0.0,0.0,0.0,'',0.0,0.0,0.0);
INSERT INTO "otg2_udp_out" VALUES(1,24,3.2723999992013,187275350.242478,0.0,0.0,0.0,0.0,0.0,0.0,0.0,0.0,0.0,0.0,0.0,0.0,'',0.0,0.0,0.0);
INSERT INTO "otg2_udp_out" VALUES(1,25,3.37252899631858,187275350.34267,0.0,0.0,0.0,0.0,0.0,0.0,0.0,0.0,0.0,0.0,0.0,0.0,'',0.0,0.0,0.0);
INSERT INTO "otg2_udp_out" VALUES(1,26,3.4726469963789,187275350.442856,0.0,0.0,0.0,0.0,0.0,0.0,0.0,0.0,0.0,0.0,0.0,0.0,'',0.0,0.0,0.0);
INSERT INTO "otg2_udp_out" VALUES(1,27,3.57276499643922,187275350.542802,0.0,0.0,0.0,0.0,0.0,0.0,0.0,0.0,0.0,0.0,0.0,0.0,'',0.0,0.0,0.0);
INSERT INTO "otg2_udp_out" VALUES(1,28,3.67288599908352,187275350.64299,0.0,0.0,0.0,0.0,0.0,0.0,0.0,0.0,0.0,0.0,0.0,0.0,'',0.0,0.0,0.0);
INSERT INTO "otg2_udp_out" VALUES(1,29,3.77301099896431,187275350.743192,0.0,0.0,0.0,0.0,0.0,0.0,0.0,0.0,0.0,0.0,0.0,0.0,'',0.0,0.0,0.0);
INSERT INTO "otg2_udp_out" VALUES(1,30,3.87313199788332,187275350.843377,3.82909099757671,3.82909099757671,3.82909099757671,1.0,1.0,1.0,3.0,3.0,3.0,512.0,512.0,512.0,'192.168.0.3',3000.0,3000.0,3000.0);
INSERT INTO "otg2_udp_out" VALUES(1,31,3.97325099632144,187275350.943336,0.0,0.0,0.0,0.0,0.0,0.0,0.0,0.0,0.0,0.0,0.0,0.0,'',0.0,0.0,0.0);
INSERT INTO "otg2_udp_out" VALUES(1,32,4.07337299734354,187275351.043513,0.0,0.0,0.0,0.0,0.0,0.0,0.0,0.0,0.0,0.0,0.0,0.0,'',0.0,0.0,0.0);
INSERT INTO "otg2_udp_out" VALUES(1,33,4.17349999397993,187275351.14373,0.0,0.0,0.0,0.0,0.0,0.0,0.0,0.0,0.0,0.0,0.0,0.0,'',0.0,0.0,0.0);
INSERT INTO "otg2_udp_out" VALUES(1,34,4.27362399548292,187275351.243911,0.0,0.0,0.0,0.0,0.0,0.0,0.0,0.0,0.0,0.0,0.0,0.0,'',0.0,0.0,0.0);
INSERT INTO "otg2_udp_out" VALUES(1,35,4.37375299632549,187275351.343845,0.0,0.0,0.0,0.0,0.0,0.0,0.0,0.0,0.0,0.0,0.0,0.0,'',0.0,0.0,0.0);
INSERT INTO "otg2_udp_out" VALUES(1,36,4.4738719984889,187275351.444038,0.0,0.0,0.0,0.0,0.0,0.0,0.0,0.0,0.0,0.0,0.0,0.0,'',0.0,0.0,0.0);
INSERT INTO "otg2_udp_out" VALUES(1,37,4.57398999482393,187275351.544229,0.0,0.0,0.0,0.0,0.0,0.0,0.0,0.0,0.0,0.0,0.0,0.0,'',0.0,0.0,0.0);
INSERT INTO "otg2_udp_out" VALUES(1,38,4.67411099374294,187275351.644425,0.0,0.0,0.0,0.0,0.0,0.0,0.0,0.0,0.0,0.0,0.0,0.0,'',0.0,0.0,0.0);
INSERT INTO "otg2_udp_out" VALUES(1,39,4.77423699945211,187275351.74437,0.0,0.0,0.0,0.0,0.0,0.0,0.0,0.0,0.0,0.0,0.0,0.0,'',0.0,0.0,0.0);
INSERT INTO "otg2_udp_out" VALUES(1,40,4.87435599416494,187275351.844553,4.82909099757671,4.82909099757671,4.82909099757671,1.0,1.0,1.0,4.0,4.0,4.0,512.0,512.0,512.0,'192.168.0.3',3000.0,3000.0,3000.0);
INSERT INTO "otg2_udp_out" VALUES(1,41,4.97447599470615,187275351.944749,0.0,0.0,0.0,0.0,0.0,0.0,0.0,0.0,0.0,0.0,0.0,0.0,'',0.0,0.0,0.0);
INSERT INTO "otg2_udp_out" VALUES(1,42,5.07459699362516,187275352.044974,0.0,0.0,0.0,0.0,0.0,0.0,0.0,0.0,0.0,0.0,0.0,0.0,'',0.0,0.0,0.0);
INSERT INTO "otg2_udp_out" VALUES(1,43,5.17472399771214,187275352.144906,0.0,0.0,0.0,0.0,0.0,0.0,0.0,0.0,0.0,0.0,0.0,0.0,'',0.0,0.0,0.0);
INSERT INTO "otg2_udp_out" VALUES(1,44,5.27484599500895,187275352.245078,0.0,0.0,0.0,0.0,0.0,0.0,0.0,0.0,0.0,0.0,0.0,0.0,'',0.0,0.0,0.0);
INSERT INTO "otg2_udp_out" VALUES(1,45,5.3749799951911,187275352.345271,0.0,0.0,0.0,0.0,0.0,0.0,0.0,0.0,0.0,0.0,0.0,0.0,'',0.0,0.0,0.0);
INSERT INTO "otg2_udp_out" VALUES(1,46,5.47511699795723,187275352.445458,0.0,0.0,0.0,0.0,0.0,0.0,0.0,0.0,0.0,0.0,0.0,0.0,'',0.0,0.0,0.0);
INSERT INTO "otg2_udp_out" VALUES(1,47,5.57523899525404,187275352.545405,0.0,0.0,0.0,0.0,0.0,0.0,0.0,0.0,0.0,0.0,0.0,0.0,'',0.0,0.0,0.0);
INSERT INTO "otg2_udp_out" VALUES(1,48,5.67535899579525,187275352.645602,0.0,0.0,0.0,0.0,0.0,0.0,0.0,0.0,0.0,0.0,0.0,0.0,'',0.0,0.0,0.0);
INSERT INTO "otg2_udp_out" VALUES(1,49,5.77548499405384,187275352.745795,0.0,0.0,0.0,0.0,0.0,0.0,0.0,0.0,0.0,0.0,0.0,0.0,'',0.0,0.0,0.0);
INSERT INTO "otg2_udp_out" VALUES(1,50,5.87560499459505,187275352.845986,5.82909199595451,5.82909199595451,5.82909199595451,1.0,1.0,1.0,5.0,5.0,5.0,512.0,512.0,512.0,'192.168.0.3',3000.0,3000.0,3000.0);
INSERT INTO "otg2_udp_out" VALUES(1,51,5.97572699934244,187275352.945934,0.0,0.0,0.0,0.0,0.0,0.0,0.0,0.0,0.0,0.0,0.0,0.0,'',0.0,0.0,0.0);
INSERT INTO "otg2_udp_out" VALUES(1,52,6.07584999501705,187275353.04612,0.0,0.0,0.0,0.0,0.0,0.0,0.0,0.0,0.0,0.0,0.0,0.0,'',0.0,0.0,0.0);
INSERT INTO "otg2_udp_out" VALUES(1,53,6.17597999423742,187275353.14633,0.0,0.0,0.0,0.0,0.0,0.0,0.0,0.0,0.0,0.0,0.0,0.0,'',0.0,0.0,0.0);
INSERT INTO "otg2_udp_out" VALUES(1,54,6.27610399574041,187275353.246505,0.0,0.0,0.0,0.0,0.0,0.0,0.0,0.0,0.0,0.0,0.0,0.0,'',0.0,0.0,0.0);
INSERT INTO "otg2_udp_out" VALUES(1,55,6.37623199820518,187275353.346446,0.0,0.0,0.0,0.0,0.0,0.0,0.0,0.0,0.0,0.0,0.0,0.0,'',0.0,0.0,0.0);
INSERT INTO "otg2_udp_out" VALUES(1,56,6.4763529971242,187275353.446633,0.0,0.0,0.0,0.0,0.0,0.0,0.0,0.0,0.0,0.0,0.0,0.0,'',0.0,0.0,0.0);
INSERT INTO "otg2_udp_out" VALUES(1,57,6.57647099345922,187275353.546829,0.0,0.0,0.0,0.0,0.0,0.0,0.0,0.0,0.0,0.0,0.0,0.0,'',0.0,0.0,0.0);
INSERT INTO "otg2_udp_out" VALUES(1,58,6.67660999298096,187275353.647018,0.0,0.0,0.0,0.0,0.0,0.0,0.0,0.0,0.0,0.0,0.0,0.0,'',0.0,0.0,0.0);
INSERT INTO "otg2_udp_out" VALUES(1,59,6.77673599869013,187275353.746971,0.0,0.0,0.0,0.0,0.0,0.0,0.0,0.0,0.0,0.0,0.0,0.0,'',0.0,0.0,0.0);
INSERT INTO "otg2_udp_out" VALUES(1,60,6.87685399502516,187275353.847155,6.82909099757671,6.82909099757671,6.82909099757671,1.0,1.0,1.0,6.0,6.0,6.0,512.0,512.0,512.0,'192.168.0.3',3000.0,3000.0,3000.0);
INSERT INTO "otg2_udp_out" VALUES(1,61,6.97697399556637,187275353.947351,0.0,0.0,0.0,0.0,0.0,0.0,0.0,0.0,0.0,0.0,0.0,0.0,'',0.0,0.0,0.0);
INSERT INTO "otg2_udp_out" VALUES(1,62,7.07709499448538,187275354.047538,0.0,0.0,0.0,0.0,0.0,0.0,0.0,0.0,0.0,0.0,0.0,0.0,'',0.0,0.0,0.0);
INSERT INTO "otg2_udp_out" VALUES(1,63,7.17722199857235,187275354.14751,0.0,0.0,0.0,0.0,0.0,0.0,0.0,0.0,0.0,0.0,0.0,0.0,'',0.0,0.0,0.0);
INSERT INTO "otg2_udp_out" VALUES(1,64,7.27734499424696,187275354.247689,0.0,0.0,0.0,0.0,0.0,0.0,0.0,0.0,0.0,0.0,0.0,0.0,'',0.0,0.0,0.0);
INSERT INTO "otg2_udp_out" VALUES(1,65,7.37747499346733,187275354.347871,0.0,0.0,0.0,0.0,0.0,0.0,0.0,0.0,0.0,0.0,0.0,0.0,'',0.0,0.0,0.0);
INSERT INTO "otg2_udp_out" VALUES(1,66,7.47759399563074,187275354.448066,0.0,0.0,0.0,0.0,0.0,0.0,0.0,0.0,0.0,0.0,0.0,0.0,'',0.0,0.0,0.0);
INSERT INTO "otg2_udp_out" VALUES(1,67,7.57771199941635,187275354.548084,0.0,0.0,0.0,0.0,0.0,0.0,0.0,0.0,0.0,0.0,0.0,0.0,'',0.0,0.0,0.0);
INSERT INTO "otg2_udp_out" VALUES(1,68,7.67783199995756,187275354.648193,0.0,0.0,0.0,0.0,0.0,0.0,0.0,0.0,0.0,0.0,0.0,0.0,'',0.0,0.0,0.0);
INSERT INTO "otg2_udp_out" VALUES(1,69,7.77795899659395,187275354.74839,0.0,0.0,0.0,0.0,0.0,0.0,0.0,0.0,0.0,0.0,0.0,0.0,'',0.0,0.0,0.0);
INSERT INTO "otg2_udp_out" VALUES(1,70,7.87807699292898,187275354.848579,7.82909099757671,7.82909099757671,7.82909099757671,1.0,1.0,1.0,7.0,7.0,7.0,512.0,512.0,512.0,'192.168.0.3',3000.0,3000.0,3000.0);
INSERT INTO "otg2_udp_out" VALUES(1,71,7.97819699347019,187275354.94855,0.0,0.0,0.0,0.0,0.0,0.0,0.0,0.0,0.0,0.0,0.0,0.0,'',0.0,0.0,0.0);
INSERT INTO "otg2_udp_out" VALUES(1,72,8.07831799983978,187275355.048715,0.0,0.0,0.0,0.0,0.0,0.0,0.0,0.0,0.0,0.0,0.0,0.0,'',0.0,0.0,0.0);
INSERT INTO "otg2_udp_out" VALUES(1,73,8.17844399809837,187275355.148938,0.0,0.0,0.0,0.0,0.0,0.0,0.0,0.0,0.0,0.0,0.0,0.0,'',0.0,0.0,0.0);
INSERT INTO "otg2_udp_out" VALUES(1,74,8.2785669863224,187275355.249106,0.0,0.0,0.0,0.0,0.0,0.0,0.0,0.0,0.0,0.0,0.0,0.0,'',0.0,0.0,0.0);
INSERT INTO "otg2_udp_out" VALUES(1,75,8.37869699299335,187275355.34905,0.0,0.0,0.0,0.0,0.0,0.0,0.0,0.0,0.0,0.0,0.0,0.0,'',0.0,0.0,0.0);
INSERT INTO "otg2_udp_out" VALUES(1,76,8.47881999611855,187275355.449235,0.0,0.0,0.0,0.0,0.0,0.0,0.0,0.0,0.0,0.0,0.0,0.0,'',0.0,0.0,0.0);
INSERT INTO "otg2_udp_out" VALUES(1,77,8.57893699407578,187275355.549429,0.0,0.0,0.0,0.0,0.0,0.0,0.0,0.0,0.0,0.0,0.0,0.0,'',0.0,0.0,0.0);
INSERT INTO "otg2_udp_out" VALUES(1,78,8.6790579855442,187275355.649619,0.0,0.0,0.0,0.0,0.0,0.0,0.0,0.0,0.0,0.0,0.0,0.0,'',0.0,0.0,0.0);
INSERT INTO "otg2_udp_out" VALUES(1,79,8.77918499708176,187275355.74957,0.0,0.0,0.0,0.0,0.0,0.0,0.0,0.0,0.0,0.0,0.0,0.0,'',0.0,0.0,0.0);
INSERT INTO "otg2_udp_out" VALUES(1,80,8.87930399179459,187275355.849758,8.82909199595451,8.82909199595451,8.82909199595451,1.0,1.0,1.0,8.0,8.0,8.0,512.0,512.0,512.0,'192.168.0.3',3000.0,3000.0,3000.0);
INSERT INTO "otg2_udp_out" VALUES(1,81,8.97943198680878,187275355.949953,0.0,0.0,0.0,0.0,0.0,0.0,0.0,0.0,0.0,0.0,0.0,0.0,'',0.0,0.0,0.0);
INSERT INTO "otg2_udp_out" VALUES(1,82,9.07956899702549,187275356.050148,0.0,0.0,0.0,0.0,0.0,0.0,0.0,0.0,0.0,0.0,0.0,0.0,'',0.0,0.0,0.0);
INSERT INTO "otg2_udp_out" VALUES(1,83,9.17969599366188,187275356.150109,0.0,0.0,0.0,0.0,0.0,0.0,0.0,0.0,0.0,0.0,0.0,0.0,'',0.0,0.0,0.0);
INSERT INTO "otg2_udp_out" VALUES(1,84,9.27981799840927,187275356.250284,0.0,0.0,0.0,0.0,0.0,0.0,0.0,0.0,0.0,0.0,0.0,0.0,'',0.0,0.0,0.0);
INSERT INTO "otg2_udp_out" VALUES(1,85,9.37994499504566,187275356.350473,0.0,0.0,0.0,0.0,0.0,0.0,0.0,0.0,0.0,0.0,0.0,0.0,'',0.0,0.0,0.0);
INSERT INTO "otg2_udp_out" VALUES(1,86,9.48006299138069,187275356.45066,0.0,0.0,0.0,0.0,0.0,0.0,0.0,0.0,0.0,0.0,0.0,0.0,'',0.0,0.0,0.0);
INSERT INTO "otg2_udp_out" VALUES(1,87,9.58017998933792,187275356.550608,0.0,0.0,0.0,0.0,0.0,0.0,0.0,0.0,0.0,0.0,0.0,0.0,'',0.0,0.0,0.0);
INSERT INTO "otg2_udp_out" VALUES(1,88,9.68030099570751,187275356.650794,0.0,0.0,0.0,0.0,0.0,0.0,0.0,0.0,0.0,0.0,0.0,0.0,'',0.0,0.0,0.0);
INSERT INTO "otg2_udp_out" VALUES(1,89,9.7804279923439,187275356.750992,0.0,0.0,0.0,0.0,0.0,0.0,0.0,0.0,0.0,0.0,0.0,0.0,'',0.0,0.0,0.0);
INSERT INTO "otg2_udp_out" VALUES(1,90,9.88054598867893,187275356.851184,9.82909099757671,9.82909099757671,9.82909099757671,1.0,1.0,1.0,9.0,9.0,9.0,512.0,512.0,512.0,'192.168.0.3',3000.0,3000.0,3000.0);
INSERT INTO "otg2_udp_out" VALUES(1,91,9.98066699504852,187275356.951138,0.0,0.0,0.0,0.0,0.0,0.0,0.0,0.0,0.0,0.0,0.0,0.0,'',0.0,0.0,0.0);
INSERT INTO "otg2_udp_out" VALUES(1,92,10.0807869881392,187275357.051351,0.0,0.0,0.0,0.0,0.0,0.0,0.0,0.0,0.0,0.0,0.0,0.0,'',0.0,0.0,0.0);
INSERT INTO "otg2_udp_out" VALUES(1,93,10.1809139996767,187275357.151537,0.0,0.0,0.0,0.0,0.0,0.0,0.0,0.0,0.0,0.0,0.0,0.0,'',0.0,0.0,0.0);
INSERT INTO "otg2_udp_out" VALUES(1,94,10.2810379862785,187275357.25171,0.0,0.0,0.0,0.0,0.0,0.0,0.0,0.0,0.0,0.0,0.0,0.0,'',0.0,0.0,0.0);
INSERT INTO "otg2_udp_out" VALUES(1,95,10.3811709880829,187275357.351897,0.0,0.0,0.0,0.0,0.0,0.0,0.0,0.0,0.0,0.0,0.0,0.0,'',0.0,0.0,0.0);
INSERT INTO "otg2_udp_out" VALUES(1,96,10.481304988265,187275357.451837,0.0,0.0,0.0,0.0,0.0,0.0,0.0,0.0,0.0,0.0,0.0,0.0,'',0.0,0.0,0.0);
INSERT INTO "otg2_udp_out" VALUES(1,97,10.5814259946346,187275357.552032,0.0,0.0,0.0,0.0,0.0,0.0,0.0,0.0,0.0,0.0,0.0,0.0,'',0.0,0.0,0.0);
INSERT INTO "otg2_udp_out" VALUES(1,98,10.6815459877253,187275357.652242,0.0,0.0,0.0,0.0,0.0,0.0,0.0,0.0,0.0,0.0,0.0,0.0,'',0.0,0.0,0.0);
INSERT INTO "otg2_udp_out" VALUES(1,99,10.7816739976406,187275357.75217,0.0,0.0,0.0,0.0,0.0,0.0,0.0,0.0,0.0,0.0,0.0,0.0,'',0.0,0.0,0.0);
INSERT INTO "otg2_udp_out" VALUES(1,100,10.8817939907312,187275357.85236,10.8290909975767,10.8290909975767,10.8290909975767,1.0,1.0,1.0,10.0,10.0,10.0,512.0,512.0,512.0,'192.168.0.3',3000.0,3000.0,3000.0);
INSERT INTO "otg2_udp_out" VALUES(1,101,10.9819159954786,187275357.952554,0.0,0.0,0.0,0.0,0.0,0.0,0.0,0.0,0.0,0.0,0.0,0.0,'',0.0,0.0,0.0);
INSERT INTO "otg2_udp_out" VALUES(1,102,11.0820399969816,187275358.055935,0.0,0.0,0.0,0.0,0.0,0.0,0.0,0.0,0.0,0.0,0.0,0.0,'',0.0,0.0,0.0);
INSERT INTO "otg2_udp_out" VALUES(1,103,11.182171985507,187275358.152695,0.0,0.0,0.0,0.0,0.0,0.0,0.0,0.0,0.0,0.0,0.0,0.0,'',0.0,0.0,0.0);
INSERT INTO "otg2_udp_out" VALUES(1,104,11.2822949886322,187275358.252884,0.0,0.0,0.0,0.0,0.0,0.0,0.0,0.0,0.0,0.0,0.0,0.0,'',0.0,0.0,0.0);
INSERT INTO "otg2_udp_out" VALUES(1,105,11.3824229985476,187275358.35307,0.0,0.0,0.0,0.0,0.0,0.0,0.0,0.0,0.0,0.0,0.0,0.0,'',0.0,0.0,0.0);
INSERT INTO "otg2_udp_out" VALUES(1,106,11.4825449883938,187275358.453264,0.0,0.0,0.0,0.0,0.0,0.0,0.0,0.0,0.0,0.0,0.0,0.0,'',0.0,0.0,0.0);
INSERT INTO "otg2_udp_out" VALUES(1,107,11.5826639980078,187275358.553209,0.0,0.0,0.0,0.0,0.0,0.0,0.0,0.0,0.0,0.0,0.0,0.0,'',0.0,0.0,0.0);
INSERT INTO "otg2_udp_out" VALUES(1,108,11.6827819943428,187275358.653399,0.0,0.0,0.0,0.0,0.0,0.0,0.0,0.0,0.0,0.0,0.0,0.0,'',0.0,0.0,0.0);
INSERT INTO "otg2_udp_out" VALUES(1,109,11.7829079926014,187275358.753595,0.0,0.0,0.0,0.0,0.0,0.0,0.0,0.0,0.0,0.0,0.0,0.0,'',0.0,0.0,0.0);
INSERT INTO "otg2_udp_out" VALUES(1,110,11.8830269873142,187275358.853784,11.8290919959545,11.8290919959545,11.8290919959545,1.0,1.0,1.0,11.0,11.0,11.0,512.0,512.0,512.0,'192.168.0.3',3000.0,3000.0,3000.0);
INSERT INTO "otg2_udp_out" VALUES(1,111,11.9831489920616,187275358.953741,0.0,0.0,0.0,0.0,0.0,0.0,0.0,0.0,0.0,0.0,0.0,0.0,'',0.0,0.0,0.0);
INSERT INTO "otg2_udp_out" VALUES(1,112,12.0832689851522,187275359.064115,0.0,0.0,0.0,0.0,0.0,0.0,0.0,0.0,0.0,0.0,0.0,0.0,'',0.0,0.0,0.0);
INSERT INTO "otg2_udp_out" VALUES(1,113,12.1833969950676,187275359.154119,0.0,0.0,0.0,0.0,0.0,0.0,0.0,0.0,0.0,0.0,0.0,0.0,'',0.0,0.0,0.0);
INSERT INTO "otg2_udp_out" VALUES(1,114,12.2835199981928,187275359.25432,0.0,0.0,0.0,0.0,0.0,0.0,0.0,0.0,0.0,0.0,0.0,0.0,'',0.0,0.0,0.0);
INSERT INTO "otg2_udp_out" VALUES(1,115,12.3836469948292,187275359.354248,0.0,0.0,0.0,0.0,0.0,0.0,0.0,0.0,0.0,0.0,0.0,0.0,'',0.0,0.0,0.0);
INSERT INTO "otg2_udp_out" VALUES(1,116,12.483765989542,187275359.454444,0.0,0.0,0.0,0.0,0.0,0.0,0.0,0.0,0.0,0.0,0.0,0.0,'',0.0,0.0,0.0);
INSERT INTO "otg2_udp_out" VALUES(1,117,12.583883985877,187275359.554636,0.0,0.0,0.0,0.0,0.0,0.0,0.0,0.0,0.0,0.0,0.0,0.0,'',0.0,0.0,0.0);
INSERT INTO "otg2_udp_out" VALUES(1,118,12.6840039938688,187275359.654824,0.0,0.0,0.0,0.0,0.0,0.0,0.0,0.0,0.0,0.0,0.0,0.0,'',0.0,0.0,0.0);
INSERT INTO "otg2_udp_out" VALUES(1,119,12.7841289937496,187275359.754771,0.0,0.0,0.0,0.0,0.0,0.0,0.0,0.0,0.0,0.0,0.0,0.0,'',0.0,0.0,0.0);
INSERT INTO "otg2_udp_out" VALUES(1,120,12.8842489868402,187275359.85496,12.8290919959545,12.8290919959545,12.8290919959545,1.0,1.0,1.0,12.0,12.0,12.0,512.0,512.0,512.0,'192.168.0.3',3000.0,3000.0,3000.0);
INSERT INTO "otg2_udp_out" VALUES(1,121,12.9843699932098,187275359.955157,0.0,0.0,0.0,0.0,0.0,0.0,0.0,0.0,0.0,0.0,0.0,0.0,'',0.0,0.0,0.0);
INSERT INTO "otg2_udp_out" VALUES(1,122,13.0844909995794,187275360.084552,0.0,0.0,0.0,0.0,0.0,0.0,0.0,0.0,0.0,0.0,0.0,0.0,'',0.0,0.0,0.0);
INSERT INTO "otg2_udp_out" VALUES(1,123,13.1846179962158,187275360.155296,0.0,0.0,0.0,0.0,0.0,0.0,0.0,0.0,0.0,0.0,0.0,0.0,'',0.0,0.0,0.0);
INSERT INTO "otg2_udp_out" VALUES(1,124,13.284740999341,187275360.255487,0.0,0.0,0.0,0.0,0.0,0.0,0.0,0.0,0.0,0.0,0.0,0.0,'',0.0,0.0,0.0);
INSERT INTO "otg2_udp_out" VALUES(1,125,13.3848689943552,187275360.355673,0.0,0.0,0.0,0.0,0.0,0.0,0.0,0.0,0.0,0.0,0.0,0.0,'',0.0,0.0,0.0);
INSERT INTO "otg2_udp_out" VALUES(1,126,13.484987989068,187275360.455867,0.0,0.0,0.0,0.0,0.0,0.0,0.0,0.0,0.0,0.0,0.0,0.0,'',0.0,0.0,0.0);
INSERT INTO "otg2_udp_out" VALUES(1,127,13.5851169973612,187275360.555811,0.0,0.0,0.0,0.0,0.0,0.0,0.0,0.0,0.0,0.0,0.0,0.0,'',0.0,0.0,0.0);
INSERT INTO "otg2_udp_out" VALUES(1,128,13.6852009892464,187275360.655999,0.0,0.0,0.0,0.0,0.0,0.0,0.0,0.0,0.0,0.0,0.0,0.0,'',0.0,0.0,0.0);
INSERT INTO "otg2_udp_out" VALUES(1,129,13.7853259891272,187275360.756199,0.0,0.0,0.0,0.0,0.0,0.0,0.0,0.0,0.0,0.0,0.0,0.0,'',0.0,0.0,0.0);
INSERT INTO "otg2_udp_out" VALUES(1,130,13.8854449987412,187275360.856144,13.8290909975767,13.8290909975767,13.8290909975767,1.0,1.0,1.0,13.0,13.0,13.0,512.0,512.0,512.0,'192.168.0.3',3000.0,3000.0,3000.0);
INSERT INTO "otg2_udp_out" VALUES(1,131,13.9855649918318,187275360.956345,0.0,0.0,0.0,0.0,0.0,0.0,0.0,0.0,0.0,0.0,0.0,0.0,'',0.0,0.0,0.0);
INSERT INTO "otg2_udp_out" VALUES(1,132,14.0856859982014,187275361.064116,0.0,0.0,0.0,0.0,0.0,0.0,0.0,0.0,0.0,0.0,0.0,0.0,'',0.0,0.0,0.0);
INSERT INTO "otg2_udp_out" VALUES(1,133,14.18581199646,187275361.15672,0.0,0.0,0.0,0.0,0.0,0.0,0.0,0.0,0.0,0.0,0.0,0.0,'',0.0,0.0,0.0);
INSERT INTO "otg2_udp_out" VALUES(1,134,14.285935997963,187275361.25691,0.0,0.0,0.0,0.0,0.0,0.0,0.0,0.0,0.0,0.0,0.0,0.0,'',0.0,0.0,0.0);
INSERT INTO "otg2_udp_out" VALUES(1,135,14.3860639929771,187275361.356848,0.0,0.0,0.0,0.0,0.0,0.0,0.0,0.0,0.0,0.0,0.0,0.0,'',0.0,0.0,0.0);
INSERT INTO "otg2_udp_out" VALUES(1,136,14.4861869961023,187275361.457041,0.0,0.0,0.0,0.0,0.0,0.0,0.0,0.0,0.0,0.0,0.0,0.0,'',0.0,0.0,0.0);
INSERT INTO "otg2_udp_out" VALUES(1,137,14.5863039940596,187275361.557236,0.0,0.0,0.0,0.0,0.0,0.0,0.0,0.0,0.0,0.0,0.0,0.0,'',0.0,0.0,0.0);
INSERT INTO "otg2_udp_out" VALUES(1,138,14.6864239871502,187275361.657425,0.0,0.0,0.0,0.0,0.0,0.0,0.0,0.0,0.0,0.0,0.0,0.0,'',0.0,0.0,0.0);
INSERT INTO "otg2_udp_out" VALUES(1,139,14.7865509986877,187275361.757373,0.0,0.0,0.0,0.0,0.0,0.0,0.0,0.0,0.0,0.0,0.0,0.0,'',0.0,0.0,0.0);
INSERT INTO "otg2_udp_out" VALUES(1,140,14.8866709917784,187275361.857563,14.8290909975767,14.8290909975767,14.8290909975767,1.0,1.0,1.0,14.0,14.0,14.0,512.0,512.0,512.0,'192.168.0.3',3000.0,3000.0,3000.0);
INSERT INTO "otg2_udp_out" VALUES(1,141,14.9867929965258,187275361.957759,0.0,0.0,0.0,0.0,0.0,0.0,0.0,0.0,0.0,0.0,0.0,0.0,'',0.0,0.0,0.0);
INSERT INTO "otg2_udp_out" VALUES(1,142,15.086914986372,187275362.063941,0.0,0.0,0.0,0.0,0.0,0.0,0.0,0.0,0.0,0.0,0.0,0.0,'',0.0,0.0,0.0);
INSERT INTO "otg2_udp_out" VALUES(1,143,15.1870439946651,187275362.157896,0.0,0.0,0.0,0.0,0.0,0.0,0.0,0.0,0.0,0.0,0.0,0.0,'',0.0,0.0,0.0);
INSERT INTO "otg2_udp_out" VALUES(1,144,15.2871679961681,187275362.258086,0.0,0.0,0.0,0.0,0.0,0.0,0.0,0.0,0.0,0.0,0.0,0.0,'',0.0,0.0,0.0);
INSERT INTO "otg2_udp_out" VALUES(1,145,15.3873019963503,187275362.358282,0.0,0.0,0.0,0.0,0.0,0.0,0.0,0.0,0.0,0.0,0.0,0.0,'',0.0,0.0,0.0);
INSERT INTO "otg2_udp_out" VALUES(1,146,15.4874359965324,187275362.458468,0.0,0.0,0.0,0.0,0.0,0.0,0.0,0.0,0.0,0.0,0.0,0.0,'',0.0,0.0,0.0);
INSERT INTO "otg2_udp_out" VALUES(1,147,15.5875569880009,187275362.558413,0.0,0.0,0.0,0.0,0.0,0.0,0.0,0.0,0.0,0.0,0.0,0.0,'',0.0,0.0,0.0);
INSERT INTO "otg2_udp_out" VALUES(1,148,15.6876779943705,187275362.658612,0.0,0.0,0.0,0.0,0.0,0.0,0.0,0.0,0.0,0.0,0.0,0.0,'',0.0,0.0,0.0);
INSERT INTO "otg2_udp_out" VALUES(1,149,15.7878049910069,187275362.758798,0.0,0.0,0.0,0.0,0.0,0.0,0.0,0.0,0.0,0.0,0.0,0.0,'',0.0,0.0,0.0);
INSERT INTO "otg2_udp_out" VALUES(1,150,15.8879249989986,187275362.858987,15.8290909975767,15.8290909975767,15.8290909975767,1.0,1.0,1.0,15.0,15.0,15.0,512.0,512.0,512.0,'192.168.0.3',3000.0,3000.0,3000.0);
INSERT INTO "otg2_udp_out" VALUES(1,151,15.9880459904671,187275362.958945,0.0,0.0,0.0,0.0,0.0,0.0,0.0,0.0,0.0,0.0,0.0,0.0,'',0.0,0.0,0.0);
INSERT INTO "otg2_udp_out" VALUES(1,152,16.0881699919701,187275363.095155,0.0,0.0,0.0,0.0,0.0,0.0,0.0,0.0,0.0,0.0,0.0,0.0,'',0.0,0.0,0.0);
INSERT INTO "otg2_udp_out" VALUES(1,153,16.1883029937744,187275363.159346,0.0,0.0,0.0,0.0,0.0,0.0,0.0,0.0,0.0,0.0,0.0,0.0,'',0.0,0.0,0.0);
INSERT INTO "otg2_udp_out" VALUES(1,154,16.2884239852428,187275363.259515,0.0,0.0,0.0,0.0,0.0,0.0,0.0,0.0,0.0,0.0,0.0,0.0,'',0.0,0.0,0.0);
INSERT INTO "otg2_udp_out" VALUES(1,155,16.3885509967804,187275363.359451,0.0,0.0,0.0,0.0,0.0,0.0,0.0,0.0,0.0,0.0,0.0,0.0,'',0.0,0.0,0.0);
INSERT INTO "otg2_udp_out" VALUES(1,156,16.4886479973793,187275363.459645,0.0,0.0,0.0,0.0,0.0,0.0,0.0,0.0,0.0,0.0,0.0,0.0,'',0.0,0.0,0.0);
INSERT INTO "otg2_udp_out" VALUES(1,157,16.5887649953365,187275363.559838,0.0,0.0,0.0,0.0,0.0,0.0,0.0,0.0,0.0,0.0,0.0,0.0,'',0.0,0.0,0.0);
INSERT INTO "otg2_udp_out" VALUES(1,158,16.6888839900494,187275363.660145,0.0,0.0,0.0,0.0,0.0,0.0,0.0,0.0,0.0,0.0,0.0,0.0,'',0.0,0.0,0.0);
INSERT INTO "otg2_udp_out" VALUES(1,159,16.789008975029,187275363.759976,0.0,0.0,0.0,0.0,0.0,0.0,0.0,0.0,0.0,0.0,0.0,0.0,'',0.0,0.0,0.0);
INSERT INTO "otg2_udp_out" VALUES(1,160,16.8891279995441,187275363.860165,16.8290919959545,16.8290919959545,16.8290919959545,1.0,1.0,1.0,16.0,16.0,16.0,512.0,512.0,512.0,'192.168.0.3',3000.0,3000.0,3000.0);
INSERT INTO "otg2_udp_out" VALUES(1,161,16.9892489910126,187275363.960368,0.0,0.0,0.0,0.0,0.0,0.0,0.0,0.0,0.0,0.0,0.0,0.0,'',0.0,0.0,0.0);
INSERT INTO "otg2_udp_out" VALUES(1,162,17.089369982481,187275364.072232,0.0,0.0,0.0,0.0,0.0,0.0,0.0,0.0,0.0,0.0,0.0,0.0,'',0.0,0.0,0.0);
INSERT INTO "otg2_udp_out" VALUES(1,163,17.1894979774952,187275364.160497,0.0,0.0,0.0,0.0,0.0,0.0,0.0,0.0,0.0,0.0,0.0,0.0,'',0.0,0.0,0.0);
INSERT INTO "otg2_udp_out" VALUES(1,164,17.2896209955215,187275364.260693,0.0,0.0,0.0,0.0,0.0,0.0,0.0,0.0,0.0,0.0,0.0,0.0,'',0.0,0.0,0.0);
INSERT INTO "otg2_udp_out" VALUES(1,165,17.3897499740124,187275364.360876,0.0,0.0,0.0,0.0,0.0,0.0,0.0,0.0,0.0,0.0,0.0,0.0,'',0.0,0.0,0.0);
INSERT INTO "otg2_udp_out" VALUES(1,166,17.4898729920387,187275364.460819,0.0,0.0,0.0,0.0,0.0,0.0,0.0,0.0,0.0,0.0,0.0,0.0,'',0.0,0.0,0.0);
INSERT INTO "otg2_udp_out" VALUES(1,167,17.5899909734726,187275364.561018,0.0,0.0,0.0,0.0,0.0,0.0,0.0,0.0,0.0,0.0,0.0,0.0,'',0.0,0.0,0.0);
INSERT INTO "otg2_udp_out" VALUES(1,168,17.6901109814644,187275364.661209,0.0,0.0,0.0,0.0,0.0,0.0,0.0,0.0,0.0,0.0,0.0,0.0,'',0.0,0.0,0.0);
INSERT INTO "otg2_udp_out" VALUES(1,169,17.7902379930019,187275364.7614,0.0,0.0,0.0,0.0,0.0,0.0,0.0,0.0,0.0,0.0,0.0,0.0,'',0.0,0.0,0.0);
INSERT INTO "otg2_udp_out" VALUES(1,170,17.8903569877148,187275364.861341,17.8290909826756,17.8290909826756,17.8290909826756,1.0,1.0,1.0,17.0,17.0,17.0,512.0,512.0,512.0,'192.168.0.3',3000.0,3000.0,3000.0);
INSERT INTO "otg2_udp_out" VALUES(1,171,17.9904779791832,187275364.961558,0.0,0.0,0.0,0.0,0.0,0.0,0.0,0.0,0.0,0.0,0.0,0.0,'',0.0,0.0,0.0);
INSERT INTO "otg2_udp_out" VALUES(1,172,18.0905989706516,187275365.080375,0.0,0.0,0.0,0.0,0.0,0.0,0.0,0.0,0.0,0.0,0.0,0.0,'',0.0,0.0,0.0);
INSERT INTO "otg2_udp_out" VALUES(1,173,18.190731972456,187275365.161924,0.0,0.0,0.0,0.0,0.0,0.0,0.0,0.0,0.0,0.0,0.0,0.0,'',0.0,0.0,0.0);
INSERT INTO "otg2_udp_out" VALUES(1,174,18.2908639907837,187275365.262114,0.0,0.0,0.0,0.0,0.0,0.0,0.0,0.0,0.0,0.0,0.0,0.0,'',0.0,0.0,0.0);
INSERT INTO "otg2_udp_out" VALUES(1,175,18.3909919857979,187275365.362052,0.0,0.0,0.0,0.0,0.0,0.0,0.0,0.0,0.0,0.0,0.0,0.0,'',0.0,0.0,0.0);
INSERT INTO "otg2_udp_out" VALUES(1,176,18.4911099970341,187275365.462255,0.0,0.0,0.0,0.0,0.0,0.0,0.0,0.0,0.0,0.0,0.0,0.0,'',0.0,0.0,0.0);
INSERT INTO "otg2_udp_out" VALUES(1,177,18.5912279784679,187275365.562441,0.0,0.0,0.0,0.0,0.0,0.0,0.0,0.0,0.0,0.0,0.0,0.0,'',0.0,0.0,0.0);
INSERT INTO "otg2_udp_out" VALUES(1,178,18.6913479864597,187275365.662633,0.0,0.0,0.0,0.0,0.0,0.0,0.0,0.0,0.0,0.0,0.0,0.0,'',0.0,0.0,0.0);
INSERT INTO "otg2_udp_out" VALUES(1,179,18.7914739847183,187275365.762579,0.0,0.0,0.0,0.0,0.0,0.0,0.0,0.0,0.0,0.0,0.0,0.0,'',0.0,0.0,0.0);
INSERT INTO "otg2_udp_out" VALUES(1,180,18.8915939927101,187275365.862766,18.8290899991989,18.8290899991989,18.8290899991989,1.0,1.0,1.0,18.0,18.0,18.0,512.0,512.0,512.0,'192.168.0.3',3000.0,3000.0,3000.0);
INSERT INTO "otg2_udp_out" VALUES(1,181,18.9917219877243,187275365.962961,0.0,0.0,0.0,0.0,0.0,0.0,0.0,0.0,0.0,0.0,0.0,0.0,'',0.0,0.0,0.0);
INSERT INTO "otg2_udp_out" VALUES(1,182,19.0918789803982,187275366.090485,0.0,0.0,0.0,0.0,0.0,0.0,0.0,0.0,0.0,0.0,0.0,0.0,'',0.0,0.0,0.0);
INSERT INTO "otg2_udp_out" VALUES(1,183,19.1920079886913,187275366.163102,0.0,0.0,0.0,0.0,0.0,0.0,0.0,0.0,0.0,0.0,0.0,0.0,'',0.0,0.0,0.0);
INSERT INTO "otg2_udp_out" VALUES(1,184,19.2921319901943,187275366.263294,0.0,0.0,0.0,0.0,0.0,0.0,0.0,0.0,0.0,0.0,0.0,0.0,'',0.0,0.0,0.0);
INSERT INTO "otg2_udp_out" VALUES(1,185,19.3922609984875,187275366.363478,0.0,0.0,0.0,0.0,0.0,0.0,0.0,0.0,0.0,0.0,0.0,0.0,'',0.0,0.0,0.0);
INSERT INTO "otg2_udp_out" VALUES(1,186,19.4923799932003,187275366.46367,0.0,0.0,0.0,0.0,0.0,0.0,0.0,0.0,0.0,0.0,0.0,0.0,'',0.0,0.0,0.0);
INSERT INTO "otg2_udp_out" VALUES(1,187,19.5924979746342,187275366.563614,0.0,0.0,0.0,0.0,0.0,0.0,0.0,0.0,0.0,0.0,0.0,0.0,'',0.0,0.0,0.0);
INSERT INTO "otg2_udp_out" VALUES(1,188,19.6926189959049,187275366.663808,0.0,0.0,0.0,0.0,0.0,0.0,0.0,0.0,0.0,0.0,0.0,0.0,'',0.0,0.0,0.0);
INSERT INTO "otg2_udp_out" VALUES(1,189,19.7927449941635,187275366.764003,0.0,0.0,0.0,0.0,0.0,0.0,0.0,0.0,0.0,0.0,0.0,0.0,'',0.0,0.0,0.0);
INSERT INTO "otg2_udp_out" VALUES(1,190,19.892864972353,187275366.864192,19.8290919959545,19.8290919959545,19.8290919959545,1.0,1.0,1.0,19.0,19.0,19.0,512.0,512.0,512.0,'192.168.0.3',3000.0,3000.0,3000.0);
INSERT INTO "otg2_udp_out" VALUES(1,191,19.9929859936237,187275366.964175,0.0,0.0,0.0,0.0,0.0,0.0,0.0,0.0,0.0,0.0,0.0,0.0,'',0.0,0.0,0.0);
INSERT INTO "otg2_udp_out" VALUES(1,192,20.0931079983711,187275367.072041,0.0,0.0,0.0,0.0,0.0,0.0,0.0,0.0,0.0,0.0,0.0,0.0,'',0.0,0.0,0.0);
INSERT INTO "otg2_udp_out" VALUES(1,193,20.193236976862,187275367.164524,0.0,0.0,0.0,0.0,0.0,0.0,0.0,0.0,0.0,0.0,0.0,0.0,'',0.0,0.0,0.0);
INSERT INTO "otg2_udp_out" VALUES(1,194,20.2933449745178,187275367.264718,0.0,0.0,0.0,0.0,0.0,0.0,0.0,0.0,0.0,0.0,0.0,0.0,'',0.0,0.0,0.0);
INSERT INTO "otg2_udp_out" VALUES(1,195,20.3934799730778,187275367.364902,0.0,0.0,0.0,0.0,0.0,0.0,0.0,0.0,0.0,0.0,0.0,0.0,'',0.0,0.0,0.0);
INSERT INTO "otg2_udp_out" VALUES(1,196,20.4936129748821,187275367.464849,0.0,0.0,0.0,0.0,0.0,0.0,0.0,0.0,0.0,0.0,0.0,0.0,'',0.0,0.0,0.0);
INSERT INTO "otg2_udp_out" VALUES(1,197,20.5937319993973,187275367.565041,0.0,0.0,0.0,0.0,0.0,0.0,0.0,0.0,0.0,0.0,0.0,0.0,'',0.0,0.0,0.0);
INSERT INTO "otg2_udp_out" VALUES(1,198,20.6938529908657,187275367.665237,0.0,0.0,0.0,0.0,0.0,0.0,0.0,0.0,0.0,0.0,0.0,0.0,'',0.0,0.0,0.0);
INSERT INTO "otg2_udp_out" VALUES(1,199,20.7939809858799,187275367.765178,0.0,0.0,0.0,0.0,0.0,0.0,0.0,0.0,0.0,0.0,0.0,0.0,'',0.0,0.0,0.0);
INSERT INTO "otg2_udp_out" VALUES(1,200,20.8940989971161,187275367.865369,20.8290909826756,20.8290909826756,20.8290909826756,1.0,1.0,1.0,20.0,20.0,20.0,512.0,512.0,512.0,'192.168.0.3',3000.0,3000.0,3000.0);
INSERT INTO "otg2_udp_out" VALUES(1,201,20.9942189753056,187275367.965562,0.0,0.0,0.0,0.0,0.0,0.0,0.0,0.0,0.0,0.0,0.0,0.0,'',0.0,0.0,0.0);
INSERT INTO "otg2_udp_out" VALUES(1,202,21.0943409800529,187275368.071845,0.0,0.0,0.0,0.0,0.0,0.0,0.0,0.0,0.0,0.0,0.0,0.0,'',0.0,0.0,0.0);
INSERT INTO "otg2_udp_out" VALUES(1,203,21.1944699883461,187275368.165711,0.0,0.0,0.0,0.0,0.0,0.0,0.0,0.0,0.0,0.0,0.0,0.0,'',0.0,0.0,0.0);
INSERT INTO "otg2_udp_out" VALUES(1,204,21.2945939898491,187275368.265891,0.0,0.0,0.0,0.0,0.0,0.0,0.0,0.0,0.0,0.0,0.0,0.0,'',0.0,0.0,0.0);
INSERT INTO "otg2_udp_out" VALUES(1,205,21.3947219848633,187275368.366079,0.0,0.0,0.0,0.0,0.0,0.0,0.0,0.0,0.0,0.0,0.0,0.0,'',0.0,0.0,0.0);
INSERT INTO "otg2_udp_out" VALUES(1,206,21.4948409795761,187275368.466284,0.0,0.0,0.0,0.0,0.0,0.0,0.0,0.0,0.0,0.0,0.0,0.0,'',0.0,0.0,0.0);
INSERT INTO "otg2_udp_out" VALUES(1,207,21.5949579775333,187275368.566224,0.0,0.0,0.0,0.0,0.0,0.0,0.0,0.0,0.0,0.0,0.0,0.0,'',0.0,0.0,0.0);
INSERT INTO "otg2_udp_out" VALUES(1,208,21.6950789988041,187275368.666407,0.0,0.0,0.0,0.0,0.0,0.0,0.0,0.0,0.0,0.0,0.0,0.0,'',0.0,0.0,0.0);
INSERT INTO "otg2_udp_out" VALUES(1,209,21.7952329814434,187275368.766603,0.0,0.0,0.0,0.0,0.0,0.0,0.0,0.0,0.0,0.0,0.0,0.0,'',0.0,0.0,0.0);
INSERT INTO "otg2_udp_out" VALUES(1,210,21.8953509926796,187275368.866793,21.8290909826756,21.8290909826756,21.8290909826756,1.0,1.0,1.0,21.0,21.0,21.0,512.0,512.0,512.0,'192.168.0.3',3000.0,3000.0,3000.0);
INSERT INTO "otg2_udp_out" VALUES(1,211,21.995471984148,187275368.966749,0.0,0.0,0.0,0.0,0.0,0.0,0.0,0.0,0.0,0.0,0.0,0.0,'',0.0,0.0,0.0);
INSERT INTO "otg2_udp_out" VALUES(1,212,22.0955929756165,187275369.101124,0.0,0.0,0.0,0.0,0.0,0.0,0.0,0.0,0.0,0.0,0.0,0.0,'',0.0,0.0,0.0);
INSERT INTO "otg2_udp_out" VALUES(1,213,22.195719987154,187275369.167142,0.0,0.0,0.0,0.0,0.0,0.0,0.0,0.0,0.0,0.0,0.0,0.0,'',0.0,0.0,0.0);
INSERT INTO "otg2_udp_out" VALUES(1,214,22.295842975378,187275369.267319,0.0,0.0,0.0,0.0,0.0,0.0,0.0,0.0,0.0,0.0,0.0,0.0,'',0.0,0.0,0.0);
INSERT INTO "otg2_udp_out" VALUES(1,215,22.3959709703922,187275369.367257,0.0,0.0,0.0,0.0,0.0,0.0,0.0,0.0,0.0,0.0,0.0,0.0,'',0.0,0.0,0.0);
INSERT INTO "otg2_udp_out" VALUES(1,216,22.496090978384,187275369.46745,0.0,0.0,0.0,0.0,0.0,0.0,0.0,0.0,0.0,0.0,0.0,0.0,'',0.0,0.0,0.0);
INSERT INTO "otg2_udp_out" VALUES(1,217,22.5962089896202,187275369.567646,0.0,0.0,0.0,0.0,0.0,0.0,0.0,0.0,0.0,0.0,0.0,0.0,'',0.0,0.0,0.0);
INSERT INTO "otg2_udp_out" VALUES(1,218,22.6963309943676,187275369.667833,0.0,0.0,0.0,0.0,0.0,0.0,0.0,0.0,0.0,0.0,0.0,0.0,'',0.0,0.0,0.0);
INSERT INTO "otg2_udp_out" VALUES(1,219,22.7964559793472,187275369.767779,0.0,0.0,0.0,0.0,0.0,0.0,0.0,0.0,0.0,0.0,0.0,0.0,'',0.0,0.0,0.0);
INSERT INTO "otg2_udp_out" VALUES(1,220,22.8965739905834,187275369.86797,22.8290909826756,22.8290909826756,22.8290909826756,1.0,1.0,1.0,22.0,22.0,22.0,512.0,512.0,512.0,'192.168.0.3',3000.0,3000.0,3000.0);
INSERT INTO "otg2_udp_out" VALUES(1,221,22.9966949820519,187275369.968174,0.0,0.0,0.0,0.0,0.0,0.0,0.0,0.0,0.0,0.0,0.0,0.0,'',0.0,0.0,0.0);
INSERT INTO "otg2_udp_out" VALUES(1,222,23.0968159735203,187275370.080143,0.0,0.0,0.0,0.0,0.0,0.0,0.0,0.0,0.0,0.0,0.0,0.0,'',0.0,0.0,0.0);
INSERT INTO "otg2_udp_out" VALUES(1,223,23.1969439983368,187275370.168318,0.0,0.0,0.0,0.0,0.0,0.0,0.0,0.0,0.0,0.0,0.0,0.0,'',0.0,0.0,0.0);
INSERT INTO "otg2_udp_out" VALUES(1,224,23.2970669865608,187275370.268495,0.0,0.0,0.0,0.0,0.0,0.0,0.0,0.0,0.0,0.0,0.0,0.0,'',0.0,0.0,0.0);
INSERT INTO "otg2_udp_out" VALUES(1,225,23.397195994854,187275370.368682,0.0,0.0,0.0,0.0,0.0,0.0,0.0,0.0,0.0,0.0,0.0,0.0,'',0.0,0.0,0.0);
INSERT INTO "otg2_udp_out" VALUES(1,226,23.497318983078,187275370.468875,0.0,0.0,0.0,0.0,0.0,0.0,0.0,0.0,0.0,0.0,0.0,0.0,'',0.0,0.0,0.0);
INSERT INTO "otg2_udp_out" VALUES(1,227,23.5974359810352,187275370.56882,0.0,0.0,0.0,0.0,0.0,0.0,0.0,0.0,0.0,0.0,0.0,0.0,'',0.0,0.0,0.0);
INSERT INTO "otg2_udp_out" VALUES(1,228,23.697555989027,187275370.669009,0.0,0.0,0.0,0.0,0.0,0.0,0.0,0.0,0.0,0.0,0.0,0.0,'',0.0,0.0,0.0);
INSERT INTO "otg2_udp_out" VALUES(1,229,23.7976829707623,187275370.769209,0.0,0.0,0.0,0.0,0.0,0.0,0.0,0.0,0.0,0.0,0.0,0.0,'',0.0,0.0,0.0);
INSERT INTO "otg2_udp_out" VALUES(1,230,23.897802978754,187275370.869396,23.8290909826756,23.8290909826756,23.8290909826756,1.0,1.0,1.0,23.0,23.0,23.0,512.0,512.0,512.0,'192.168.0.3',3000.0,3000.0,3000.0);
INSERT INTO "otg2_udp_out" VALUES(1,231,23.9979239702225,187275370.969351,0.0,0.0,0.0,0.0,0.0,0.0,0.0,0.0,0.0,0.0,0.0,0.0,'',0.0,0.0,0.0);
INSERT INTO "otg2_udp_out" VALUES(1,232,24.0980459749699,187275371.079958,0.0,0.0,0.0,0.0,0.0,0.0,0.0,0.0,0.0,0.0,0.0,0.0,'',0.0,0.0,0.0);
INSERT INTO "otg2_udp_out" VALUES(1,233,24.1981769800186,187275371.169739,0.0,0.0,0.0,0.0,0.0,0.0,0.0,0.0,0.0,0.0,0.0,0.0,'',0.0,0.0,0.0);
INSERT INTO "otg2_udp_out" VALUES(1,234,24.298298984766,187275371.269921,0.0,0.0,0.0,0.0,0.0,0.0,0.0,0.0,0.0,0.0,0.0,0.0,'',0.0,0.0,0.0);
INSERT INTO "otg2_udp_out" VALUES(1,235,24.3984279930592,187275371.369859,0.0,0.0,0.0,0.0,0.0,0.0,0.0,0.0,0.0,0.0,0.0,0.0,'',0.0,0.0,0.0);
INSERT INTO "otg2_udp_out" VALUES(1,236,24.4985479712486,187275371.470061,0.0,0.0,0.0,0.0,0.0,0.0,0.0,0.0,0.0,0.0,0.0,0.0,'',0.0,0.0,0.0);
INSERT INTO "otg2_udp_out" VALUES(1,237,24.5986659824848,187275371.570246,0.0,0.0,0.0,0.0,0.0,0.0,0.0,0.0,0.0,0.0,0.0,0.0,'',0.0,0.0,0.0);
INSERT INTO "otg2_udp_out" VALUES(1,238,24.6987879872322,187275371.670435,0.0,0.0,0.0,0.0,0.0,0.0,0.0,0.0,0.0,0.0,0.0,0.0,'',0.0,0.0,0.0);
INSERT INTO "otg2_udp_out" VALUES(1,239,24.7989149987698,187275371.770381,0.0,0.0,0.0,0.0,0.0,0.0,0.0,0.0,0.0,0.0,0.0,0.0,'',0.0,0.0,0.0);
INSERT INTO "otg2_udp_out" VALUES(1,240,24.8990329802036,187275371.870571,24.8290909826756,24.8290909826756,24.8290909826756,1.0,1.0,1.0,24.0,24.0,24.0,512.0,512.0,512.0,'192.168.0.3',3000.0,3000.0,3000.0);
INSERT INTO "otg2_udp_out" VALUES(1,241,24.999154984951,187275371.97077,0.0,0.0,0.0,0.0,0.0,0.0,0.0,0.0,0.0,0.0,0.0,0.0,'',0.0,0.0,0.0);
INSERT INTO "otg2_udp_out" VALUES(1,242,25.0992759764195,187275372.09516,0.0,0.0,0.0,0.0,0.0,0.0,0.0,0.0,0.0,0.0,0.0,0.0,'',0.0,0.0,0.0);
INSERT INTO "otg2_udp_out" VALUES(1,243,25.1994039714336,187275372.170916,0.0,0.0,0.0,0.0,0.0,0.0,0.0,0.0,0.0,0.0,0.0,0.0,'',0.0,0.0,0.0);
INSERT INTO "otg2_udp_out" VALUES(1,244,25.29952698946,187275372.271098,0.0,0.0,0.0,0.0,0.0,0.0,0.0,0.0,0.0,0.0,0.0,0.0,'',0.0,0.0,0.0);
INSERT INTO "otg2_udp_out" VALUES(1,245,25.3996599912643,187275372.371284,0.0,0.0,0.0,0.0,0.0,0.0,0.0,0.0,0.0,0.0,0.0,0.0,'',0.0,0.0,0.0);
INSERT INTO "otg2_udp_out" VALUES(1,246,25.4997919797897,187275372.471477,0.0,0.0,0.0,0.0,0.0,0.0,0.0,0.0,0.0,0.0,0.0,0.0,'',0.0,0.0,0.0);
INSERT INTO "otg2_udp_out" VALUES(1,247,25.5999119877815,187275372.571421,0.0,0.0,0.0,0.0,0.0,0.0,0.0,0.0,0.0,0.0,0.0,0.0,'',0.0,0.0,0.0);
INSERT INTO "otg2_udp_out" VALUES(1,248,25.7000309824944,187275372.671619,0.0,0.0,0.0,0.0,0.0,0.0,0.0,0.0,0.0,0.0,0.0,0.0,'',0.0,0.0,0.0);
INSERT INTO "otg2_udp_out" VALUES(1,249,25.8001569807529,187275372.771808,0.0,0.0,0.0,0.0,0.0,0.0,0.0,0.0,0.0,0.0,0.0,0.0,'',0.0,0.0,0.0);
INSERT INTO "otg2_udp_out" VALUES(1,250,25.9002769887447,187275372.871997,25.8290919959545,25.8290919959545,25.8290919959545,1.0,1.0,1.0,25.0,25.0,25.0,512.0,512.0,512.0,'192.168.0.3',3000.0,3000.0,3000.0);
INSERT INTO "otg2_udp_out" VALUES(1,251,26.0003979802132,187275372.971962,0.0,0.0,0.0,0.0,0.0,0.0,0.0,0.0,0.0,0.0,0.0,0.0,'',0.0,0.0,0.0);
INSERT INTO "otg2_udp_out" VALUES(1,252,26.1005189716816,187275373.079936,0.0,0.0,0.0,0.0,0.0,0.0,0.0,0.0,0.0,0.0,0.0,0.0,'',0.0,0.0,0.0);
INSERT INTO "otg2_udp_out" VALUES(1,253,26.2006509900093,187275373.172368,0.0,0.0,0.0,0.0,0.0,0.0,0.0,0.0,0.0,0.0,0.0,0.0,'',0.0,0.0,0.0);
INSERT INTO "otg2_udp_out" VALUES(1,254,26.3007779717445,187275373.272772,0.0,0.0,0.0,0.0,0.0,0.0,0.0,0.0,0.0,0.0,0.0,0.0,'',0.0,0.0,0.0);
INSERT INTO "otg2_udp_out" VALUES(1,255,26.4009089767933,187275373.372459,0.0,0.0,0.0,0.0,0.0,0.0,0.0,0.0,0.0,0.0,0.0,0.0,'',0.0,0.0,0.0);
INSERT INTO "otg2_udp_out" VALUES(1,256,26.5010309815407,187275373.472654,0.0,0.0,0.0,0.0,0.0,0.0,0.0,0.0,0.0,0.0,0.0,0.0,'',0.0,0.0,0.0);
INSERT INTO "otg2_udp_out" VALUES(1,257,26.6011479794979,187275373.572848,0.0,0.0,0.0,0.0,0.0,0.0,0.0,0.0,0.0,0.0,0.0,0.0,'',0.0,0.0,0.0);
INSERT INTO "otg2_udp_out" VALUES(1,258,26.7012669742107,187275373.673134,0.0,0.0,0.0,0.0,0.0,0.0,0.0,0.0,0.0,0.0,0.0,0.0,'',0.0,0.0,0.0);
INSERT INTO "otg2_udp_out" VALUES(1,259,26.8013949990273,187275373.772983,0.0,0.0,0.0,0.0,0.0,0.0,0.0,0.0,0.0,0.0,0.0,0.0,'',0.0,0.0,0.0);
INSERT INTO "otg2_udp_out" VALUES(1,260,26.9015129804611,187275373.873174,26.8290909826756,26.8290909826756,26.8290909826756,1.0,1.0,1.0,26.0,26.0,26.0,512.0,512.0,512.0,'192.168.0.3',3000.0,3000.0,3000.0);
INSERT INTO "otg2_udp_out" VALUES(1,261,27.0016329884529,187275373.973369,0.0,0.0,0.0,0.0,0.0,0.0,0.0,0.0,0.0,0.0,0.0,0.0,'',0.0,0.0,0.0);
INSERT INTO "otg2_udp_out" VALUES(1,262,27.1017529964447,187275374.088077,0.0,0.0,0.0,0.0,0.0,0.0,0.0,0.0,0.0,0.0,0.0,0.0,'',0.0,0.0,0.0);
INSERT INTO "otg2_udp_out" VALUES(1,263,27.2018509805202,187275374.173518,0.0,0.0,0.0,0.0,0.0,0.0,0.0,0.0,0.0,0.0,0.0,0.0,'',0.0,0.0,0.0);
INSERT INTO "otg2_udp_out" VALUES(1,264,27.3019729852676,187275374.273703,0.0,0.0,0.0,0.0,0.0,0.0,0.0,0.0,0.0,0.0,0.0,0.0,'',0.0,0.0,0.0);
INSERT INTO "otg2_udp_out" VALUES(1,265,27.4020999968052,187275374.373887,0.0,0.0,0.0,0.0,0.0,0.0,0.0,0.0,0.0,0.0,0.0,0.0,'',0.0,0.0,0.0);
INSERT INTO "otg2_udp_out" VALUES(1,266,27.5022209882736,187275374.473831,0.0,0.0,0.0,0.0,0.0,0.0,0.0,0.0,0.0,0.0,0.0,0.0,'',0.0,0.0,0.0);
INSERT INTO "otg2_udp_out" VALUES(1,267,27.6023379862309,187275374.574034,0.0,0.0,0.0,0.0,0.0,0.0,0.0,0.0,0.0,0.0,0.0,0.0,'',0.0,0.0,0.0);
INSERT INTO "otg2_udp_out" VALUES(1,268,27.7024569809437,187275374.674216,0.0,0.0,0.0,0.0,0.0,0.0,0.0,0.0,0.0,0.0,0.0,0.0,'',0.0,0.0,0.0);
INSERT INTO "otg2_udp_out" VALUES(1,269,27.8025849759579,187275374.774409,0.0,0.0,0.0,0.0,0.0,0.0,0.0,0.0,0.0,0.0,0.0,0.0,'',0.0,0.0,0.0);
INSERT INTO "otg2_udp_out" VALUES(1,270,27.9027029871941,187275374.87435,27.8290919959545,27.8290919959545,27.8290919959545,1.0,1.0,1.0,27.0,27.0,27.0,512.0,512.0,512.0,'192.168.0.3',3000.0,3000.0,3000.0);
INSERT INTO "otg2_udp_out" VALUES(1,271,28.0028239786625,187275374.974568,0.0,0.0,0.0,0.0,0.0,0.0,0.0,0.0,0.0,0.0,0.0,0.0,'',0.0,0.0,0.0);
INSERT INTO "otg2_udp_out" VALUES(1,272,28.1029449999332,187275375.09881,0.0,0.0,0.0,0.0,0.0,0.0,0.0,0.0,0.0,0.0,0.0,0.0,'',0.0,0.0,0.0);
INSERT INTO "otg2_udp_out" VALUES(1,273,28.2030729949474,187275375.174946,0.0,0.0,0.0,0.0,0.0,0.0,0.0,0.0,0.0,0.0,0.0,0.0,'',0.0,0.0,0.0);
INSERT INTO "otg2_udp_out" VALUES(1,274,28.3031959831715,187275375.275124,0.0,0.0,0.0,0.0,0.0,0.0,0.0,0.0,0.0,0.0,0.0,0.0,'',0.0,0.0,0.0);
INSERT INTO "otg2_udp_out" VALUES(1,275,28.403322994709,187275375.375062,0.0,0.0,0.0,0.0,0.0,0.0,0.0,0.0,0.0,0.0,0.0,0.0,'',0.0,0.0,0.0);
INSERT INTO "otg2_udp_out" VALUES(1,276,28.5034429728985,187275375.475257,0.0,0.0,0.0,0.0,0.0,0.0,0.0,0.0,0.0,0.0,0.0,0.0,'',0.0,0.0,0.0);
INSERT INTO "otg2_udp_out" VALUES(1,277,28.6035609841347,187275375.57545,0.0,0.0,0.0,0.0,0.0,0.0,0.0,0.0,0.0,0.0,0.0,0.0,'',0.0,0.0,0.0);
INSERT INTO "otg2_udp_out" VALUES(1,278,28.7036819756031,187275375.675644,0.0,0.0,0.0,0.0,0.0,0.0,0.0,0.0,0.0,0.0,0.0,0.0,'',0.0,0.0,0.0);
INSERT INTO "otg2_udp_out" VALUES(1,279,28.8038099706173,187275375.775588,0.0,0.0,0.0,0.0,0.0,0.0,0.0,0.0,0.0,0.0,0.0,0.0,'',0.0,0.0,0.0);
INSERT INTO "otg2_udp_out" VALUES(1,280,28.903930991888,187275375.875775,28.8290909826756,28.8290909826756,28.8290909826756,1.0,1.0,1.0,28.0,28.0,28.0,512.0,512.0,512.0,'192.168.0.3',3000.0,3000.0,3000.0);
INSERT INTO "otg2_udp_out" VALUES(1,281,29.0040599703789,187275375.975984,0.0,0.0,0.0,0.0,0.0,0.0,0.0,0.0,0.0,0.0,0.0,0.0,'',0.0,0.0,0.0);
INSERT INTO "otg2_udp_out" VALUES(1,282,29.1041979789734,187275376.088064,0.0,0.0,0.0,0.0,0.0,0.0,0.0,0.0,0.0,0.0,0.0,0.0,'',0.0,0.0,0.0);
INSERT INTO "otg2_udp_out" VALUES(1,283,29.2043269872665,187275376.17612,0.0,0.0,0.0,0.0,0.0,0.0,0.0,0.0,0.0,0.0,0.0,0.0,'',0.0,0.0,0.0);
INSERT INTO "otg2_udp_out" VALUES(1,284,29.3044529855251,187275376.2763,0.0,0.0,0.0,0.0,0.0,0.0,0.0,0.0,0.0,0.0,0.0,0.0,'',0.0,0.0,0.0);
INSERT INTO "otg2_udp_out" VALUES(1,285,29.4045819938183,187275376.376488,0.0,0.0,0.0,0.0,0.0,0.0,0.0,0.0,0.0,0.0,0.0,0.0,'',0.0,0.0,0.0);
INSERT INTO "otg2_udp_out" VALUES(1,286,29.5047019720078,187275376.476682,0.0,0.0,0.0,0.0,0.0,0.0,0.0,0.0,0.0,0.0,0.0,0.0,'',0.0,0.0,0.0);
INSERT INTO "otg2_udp_out" VALUES(1,287,29.6048189997673,187275376.576626,0.0,0.0,0.0,0.0,0.0,0.0,0.0,0.0,0.0,0.0,0.0,0.0,'',0.0,0.0,0.0);
INSERT INTO "otg2_udp_out" VALUES(1,288,29.7049389779568,187275376.67682,0.0,0.0,0.0,0.0,0.0,0.0,0.0,0.0,0.0,0.0,0.0,0.0,'',0.0,0.0,0.0);
INSERT INTO "otg2_udp_out" VALUES(1,289,29.8050659894943,187275376.777012,0.0,0.0,0.0,0.0,0.0,0.0,0.0,0.0,0.0,0.0,0.0,0.0,'',0.0,0.0,0.0);
INSERT INTO "otg2_udp_out" VALUES(1,290,29.9052119851112,187275376.877231,29.8290919959545,29.8290919959545,29.8290919959545,1.0,1.0,1.0,29.0,29.0,29.0,512.0,512.0,512.0,'192.168.0.3',3000.0,3000.0,3000.0);
INSERT INTO "otg2_udp_out" VALUES(1,291,30.0053329765797,187275376.977157,0.0,0.0,0.0,0.0,0.0,0.0,0.0,0.0,0.0,0.0,0.0,0.0,'',0.0,0.0,0.0);
INSERT INTO "otg2_udp_out" VALUES(1,292,30.1054549813271,187275377.079558,0.0,0.0,0.0,0.0,0.0,0.0,0.0,0.0,0.0,0.0,0.0,0.0,'',0.0,0.0,0.0);
INSERT INTO "otg2_udp_out" VALUES(1,293,30.2055829763412,187275377.177544,0.0,0.0,0.0,0.0,0.0,0.0,0.0,0.0,0.0,0.0,0.0,0.0,'',0.0,0.0,0.0);
INSERT INTO "otg2_udp_out" VALUES(1,294,30.3057059943676,187275377.277726,0.0,0.0,0.0,0.0,0.0,0.0,0.0,0.0,0.0,0.0,0.0,0.0,'',0.0,0.0,0.0);
INSERT INTO "otg2_udp_out" VALUES(1,295,30.4058409929276,187275377.377914,0.0,0.0,0.0,0.0,0.0,0.0,0.0,0.0,0.0,0.0,0.0,0.0,'',0.0,0.0,0.0);
INSERT INTO "otg2_udp_out" VALUES(1,296,30.5059739947319,187275377.477859,0.0,0.0,0.0,0.0,0.0,0.0,0.0,0.0,0.0,0.0,0.0,0.0,'',0.0,0.0,0.0);
INSERT INTO "otg2_udp_out" VALUES(1,297,30.6061079800129,187275377.57808,0.0,0.0,0.0,0.0,0.0,0.0,0.0,0.0,0.0,0.0,0.0,0.0,'',0.0,0.0,0.0);
CREATE TABLE "otr2_udp_in" (oml_sender_id INTEGER, oml_seq INTEGER, oml_ts_client REAL, oml_ts_server REAL, "ts_avg" REAL, "ts_min" REAL, "ts_max" REAL, "flow_id_avg" REAL, "flow_id_min" REAL, "flow_id_max" REAL, "seq_no_avg" REAL, "seq_no_min" REAL, "seq_no_max" REAL, "pkt_length_avg" REAL, "pkt_length_min" REAL, "pkt_length_max" REAL, "src_host" TEXT, "src_port_avg" REAL, "src_port_min" REAL, "src_port_max" REAL);
INSERT INTO "otr2_udp_in" VALUES(2,1,-5951590.651546,187275347.988538,0.0,0.0,0.0,0.0,0.0,0.0,0.0,0.0,0.0,0.0,0.0,0.0,'',0.0,0.0,0.0);
INSERT INTO "otr2_udp_in" VALUES(2,2,-5951590.551277,187275348.123779,0.0,0.0,0.0,0.0,0.0,0.0,0.0,0.0,0.0,0.0,0.0,0.0,'',0.0,0.0,0.0);
INSERT INTO "otr2_udp_in" VALUES(2,3,-5951590.451126,187275348.187662,0.0,0.0,0.0,0.0,0.0,0.0,0.0,0.0,0.0,0.0,0.0,0.0,'',0.0,0.0,0.0);
INSERT INTO "otr2_udp_in" VALUES(2,4,-5951590.350984,187275348.287844,0.0,0.0,0.0,0.0,0.0,0.0,0.0,0.0,0.0,0.0,0.0,0.0,'',0.0,0.0,0.0);
INSERT INTO "otr2_udp_in" VALUES(2,5,-5951590.25082,187275348.38806,0.0,0.0,0.0,0.0,0.0,0.0,0.0,0.0,0.0,0.0,0.0,0.0,'',0.0,0.0,0.0);
INSERT INTO "otr2_udp_in" VALUES(2,6,-5951590.150652,187275348.488279,0.0,0.0,0.0,0.0,0.0,0.0,0.0,0.0,0.0,0.0,0.0,0.0,'',0.0,0.0,0.0);
INSERT INTO "otr2_udp_in" VALUES(2,7,-5951590.050483,187275348.588449,0.0,0.0,0.0,0.0,0.0,0.0,0.0,0.0,0.0,0.0,0.0,0.0,'',0.0,0.0,0.0);
INSERT INTO "otr2_udp_in" VALUES(2,8,-5951589.95032,187275348.688643,0.0,0.0,0.0,0.0,0.0,0.0,0.0,0.0,0.0,0.0,0.0,0.0,'',0.0,0.0,0.0);
INSERT INTO "otr2_udp_in" VALUES(2,9,-5951589.850177,187275348.788555,0.0,0.0,0.0,0.0,0.0,0.0,0.0,0.0,0.0,0.0,0.0,0.0,'',0.0,0.0,0.0);
INSERT INTO "otr2_udp_in" VALUES(2,10,-5951589.750044,187275348.8888,0.248182999901474,0.248182999901474,0.248182999901474,2231.0,2231.0,2231.0,1.0,1.0,1.0,512.0,512.0,512.0,'192.168.0.2',57723.0,57723.0,57723.0);
INSERT INTO "otr2_udp_in" VALUES(2,11,-5951589.649915,187275348.989022,0.0,0.0,0.0,0.0,0.0,0.0,0.0,0.0,0.0,0.0,0.0,0.0,'',0.0,0.0,0.0);
INSERT INTO "otr2_udp_in" VALUES(2,12,-5951589.549786,187275349.105329,0.0,0.0,0.0,0.0,0.0,0.0,0.0,0.0,0.0,0.0,0.0,0.0,'',0.0,0.0,0.0);
INSERT INTO "otr2_udp_in" VALUES(2,13,-5951589.449666,187275349.189085,0.0,0.0,0.0,0.0,0.0,0.0,0.0,0.0,0.0,0.0,0.0,0.0,'',0.0,0.0,0.0);
INSERT INTO "otr2_udp_in" VALUES(2,14,-5951589.34957,187275349.289267,0.0,0.0,0.0,0.0,0.0,0.0,0.0,0.0,0.0,0.0,0.0,0.0,'',0.0,0.0,0.0);
INSERT INTO "otr2_udp_in" VALUES(2,15,-5951589.249443,187275349.389459,0.0,0.0,0.0,0.0,0.0,0.0,0.0,0.0,0.0,0.0,0.0,0.0,'',0.0,0.0,0.0);
INSERT INTO "otr2_udp_in" VALUES(2,16,-5951589.149322,187275349.489403,0.0,0.0,0.0,0.0,0.0,0.0,0.0,0.0,0.0,0.0,0.0,0.0,'',0.0,0.0,0.0);
INSERT INTO "otr2_udp_in" VALUES(2,17,-5951589.049204,187275349.589606,0.0,0.0,0.0,0.0,0.0,0.0,0.0,0.0,0.0,0.0,0.0,0.0,'',0.0,0.0,0.0);
INSERT INTO "otr2_udp_in" VALUES(2,18,-5951588.949084,187275349.689853,0.0,0.0,0.0,0.0,0.0,0.0,0.0,0.0,0.0,0.0,0.0,0.0,'',0.0,0.0,0.0);
INSERT INTO "otr2_udp_in" VALUES(2,19,-5951588.848956,187275349.789983,0.0,0.0,0.0,0.0,0.0,0.0,0.0,0.0,0.0,0.0,0.0,0.0,'',0.0,0.0,0.0);
INSERT INTO "otr2_udp_in" VALUES(2,20,-5951588.74883801,187275349.889981,1.19829699955881,1.19829699955881,1.19829699955881,2231.0,2231.0,2231.0,2.0,2.0,2.0,512.0,512.0,512.0,'192.168.0.2',57723.0,57723.0,57723.0);
INSERT INTO "otr2_udp_in" VALUES(2,21,-5951588.648713,187275349.990124,0.0,0.0,0.0,0.0,0.0,0.0,0.0,0.0,0.0,0.0,0.0,0.0,'',0.0,0.0,0.0);
INSERT INTO "otr2_udp_in" VALUES(2,22,-5951588.548584,187275350.116905,0.0,0.0,0.0,0.0,0.0,0.0,0.0,0.0,0.0,0.0,0.0,0.0,'',0.0,0.0,0.0);
INSERT INTO "otr2_udp_in" VALUES(2,23,-5951588.448464,187275350.190512,0.0,0.0,0.0,0.0,0.0,0.0,0.0,0.0,0.0,0.0,0.0,0.0,'',0.0,0.0,0.0);
INSERT INTO "otr2_udp_in" VALUES(2,24,-5951588.34834301,187275350.290693,0.0,0.0,0.0,0.0,0.0,0.0,0.0,0.0,0.0,0.0,0.0,0.0,'',0.0,0.0,0.0);
INSERT INTO "otr2_udp_in" VALUES(2,25,-5951588.24821601,187275350.390633,0.0,0.0,0.0,0.0,0.0,0.0,0.0,0.0,0.0,0.0,0.0,0.0,'',0.0,0.0,0.0);
INSERT INTO "otr2_udp_in" VALUES(2,26,-5951588.148095,187275350.490829,0.0,0.0,0.0,0.0,0.0,0.0,0.0,0.0,0.0,0.0,0.0,0.0,'',0.0,0.0,0.0);
INSERT INTO "otr2_udp_in" VALUES(2,27,-5951588.047977,187275350.591033,0.0,0.0,0.0,0.0,0.0,0.0,0.0,0.0,0.0,0.0,0.0,0.0,'',0.0,0.0,0.0);
INSERT INTO "otr2_udp_in" VALUES(2,28,-5951587.947854,187275350.691279,0.0,0.0,0.0,0.0,0.0,0.0,0.0,0.0,0.0,0.0,0.0,0.0,'',0.0,0.0,0.0);
INSERT INTO "otr2_udp_in" VALUES(2,29,-5951587.847726,187275350.791158,0.0,0.0,0.0,0.0,0.0,0.0,0.0,0.0,0.0,0.0,0.0,0.0,'',0.0,0.0,0.0);
INSERT INTO "otr2_udp_in" VALUES(2,30,-5951587.747606,187275350.8914,2.16769599914551,2.16769599914551,2.16769599914551,2231.0,2231.0,2231.0,3.0,3.0,3.0,512.0,512.0,512.0,'192.168.0.2',57723.0,57723.0,57723.0);
INSERT INTO "otr2_udp_in" VALUES(2,31,-5951587.64748001,187275350.991549,0.0,0.0,0.0,0.0,0.0,0.0,0.0,0.0,0.0,0.0,0.0,0.0,'',0.0,0.0,0.0);
INSERT INTO "otr2_udp_in" VALUES(2,32,-5951587.54735,187275351.105213,0.0,0.0,0.0,0.0,0.0,0.0,0.0,0.0,0.0,0.0,0.0,0.0,'',0.0,0.0,0.0);
INSERT INTO "otr2_udp_in" VALUES(2,33,-5951587.44723,187275351.191701,0.0,0.0,0.0,0.0,0.0,0.0,0.0,0.0,0.0,0.0,0.0,0.0,'',0.0,0.0,0.0);
INSERT INTO "otr2_udp_in" VALUES(2,34,-5951587.347109,187275351.29187,0.0,0.0,0.0,0.0,0.0,0.0,0.0,0.0,0.0,0.0,0.0,0.0,'',0.0,0.0,0.0);
INSERT INTO "otr2_udp_in" VALUES(2,35,-5951587.24697801,187275351.392082,0.0,0.0,0.0,0.0,0.0,0.0,0.0,0.0,0.0,0.0,0.0,0.0,'',0.0,0.0,0.0);
INSERT INTO "otr2_udp_in" VALUES(2,36,-5951587.14684401,187275351.492007,0.0,0.0,0.0,0.0,0.0,0.0,0.0,0.0,0.0,0.0,0.0,0.0,'',0.0,0.0,0.0);
INSERT INTO "otr2_udp_in" VALUES(2,37,-5951587.04672601,187275351.592197,0.0,0.0,0.0,0.0,0.0,0.0,0.0,0.0,0.0,0.0,0.0,0.0,'',0.0,0.0,0.0);
INSERT INTO "otr2_udp_in" VALUES(2,38,-5951586.94660501,187275351.692464,0.0,0.0,0.0,0.0,0.0,0.0,0.0,0.0,0.0,0.0,0.0,0.0,'',0.0,0.0,0.0);
INSERT INTO "otr2_udp_in" VALUES(2,39,-5951586.84647601,187275351.792584,0.0,0.0,0.0,0.0,0.0,0.0,0.0,0.0,0.0,0.0,0.0,0.0,'',0.0,0.0,0.0);
INSERT INTO "otr2_udp_in" VALUES(2,40,-5951586.746357,187275351.892579,3.17886399850249,3.17886399850249,3.17886399850249,2231.0,2231.0,2231.0,4.0,4.0,4.0,512.0,512.0,512.0,'192.168.0.2',57723.0,57723.0,57723.0);
INSERT INTO "otr2_udp_in" VALUES(2,41,-5951586.646232,187275351.992722,0.0,0.0,0.0,0.0,0.0,0.0,0.0,0.0,0.0,0.0,0.0,0.0,'',0.0,0.0,0.0);
INSERT INTO "otr2_udp_in" VALUES(2,42,-5951586.54610401,187275352.096723,0.0,0.0,0.0,0.0,0.0,0.0,0.0,0.0,0.0,0.0,0.0,0.0,'',0.0,0.0,0.0);
INSERT INTO "otr2_udp_in" VALUES(2,43,-5951586.445983,187275352.193114,0.0,0.0,0.0,0.0,0.0,0.0,0.0,0.0,0.0,0.0,0.0,0.0,'',0.0,0.0,0.0);
INSERT INTO "otr2_udp_in" VALUES(2,44,-5951586.34585901,187275352.293295,0.0,0.0,0.0,0.0,0.0,0.0,0.0,0.0,0.0,0.0,0.0,0.0,'',0.0,0.0,0.0);
INSERT INTO "otr2_udp_in" VALUES(2,45,-5951586.24573001,187275352.393238,0.0,0.0,0.0,0.0,0.0,0.0,0.0,0.0,0.0,0.0,0.0,0.0,'',0.0,0.0,0.0);
INSERT INTO "otr2_udp_in" VALUES(2,46,-5951586.14561101,187275352.49343,0.0,0.0,0.0,0.0,0.0,0.0,0.0,0.0,0.0,0.0,0.0,0.0,'',0.0,0.0,0.0);
INSERT INTO "otr2_udp_in" VALUES(2,47,-5951586.04549301,187275352.593621,0.0,0.0,0.0,0.0,0.0,0.0,0.0,0.0,0.0,0.0,0.0,0.0,'',0.0,0.0,0.0);
INSERT INTO "otr2_udp_in" VALUES(2,48,-5951585.94536901,187275352.693881,0.0,0.0,0.0,0.0,0.0,0.0,0.0,0.0,0.0,0.0,0.0,0.0,'',0.0,0.0,0.0);
INSERT INTO "otr2_udp_in" VALUES(2,49,-5951585.84524001,187275352.793771,0.0,0.0,0.0,0.0,0.0,0.0,0.0,0.0,0.0,0.0,0.0,0.0,'',0.0,0.0,0.0);
INSERT INTO "otr2_udp_in" VALUES(2,50,-5951585.74512001,187275352.894003,4.16636799275875,4.16636799275875,4.16636799275875,2231.0,2231.0,2231.0,5.0,5.0,5.0,512.0,512.0,512.0,'192.168.0.2',57723.0,57723.0,57723.0);
INSERT INTO "otr2_udp_in" VALUES(2,51,-5951585.64499301,187275352.994144,0.0,0.0,0.0,0.0,0.0,0.0,0.0,0.0,0.0,0.0,0.0,0.0,'',0.0,0.0,0.0);
INSERT INTO "otr2_udp_in" VALUES(2,52,-5951585.54485901,187275353.127482,0.0,0.0,0.0,0.0,0.0,0.0,0.0,0.0,0.0,0.0,0.0,0.0,'',0.0,0.0,0.0);
INSERT INTO "otr2_udp_in" VALUES(2,53,-5951585.44473901,187275353.194295,0.0,0.0,0.0,0.0,0.0,0.0,0.0,0.0,0.0,0.0,0.0,0.0,'',0.0,0.0,0.0);
INSERT INTO "otr2_udp_in" VALUES(2,54,-5951585.34461901,187275353.29447,0.0,0.0,0.0,0.0,0.0,0.0,0.0,0.0,0.0,0.0,0.0,0.0,'',0.0,0.0,0.0);
INSERT INTO "otr2_udp_in" VALUES(2,55,-5951585.24449801,187275353.394664,0.0,0.0,0.0,0.0,0.0,0.0,0.0,0.0,0.0,0.0,0.0,0.0,'',0.0,0.0,0.0);
INSERT INTO "otr2_udp_in" VALUES(2,56,-5951585.14437801,187275353.494607,0.0,0.0,0.0,0.0,0.0,0.0,0.0,0.0,0.0,0.0,0.0,0.0,'',0.0,0.0,0.0);
INSERT INTO "otr2_udp_in" VALUES(2,57,-5951585.04425901,187275353.594798,0.0,0.0,0.0,0.0,0.0,0.0,0.0,0.0,0.0,0.0,0.0,0.0,'',0.0,0.0,0.0);
INSERT INTO "otr2_udp_in" VALUES(2,58,-5951584.944136,187275353.695072,0.0,0.0,0.0,0.0,0.0,0.0,0.0,0.0,0.0,0.0,0.0,0.0,'',0.0,0.0,0.0);
INSERT INTO "otr2_udp_in" VALUES(2,59,-5951584.843946,187275353.795185,0.0,0.0,0.0,0.0,0.0,0.0,0.0,0.0,0.0,0.0,0.0,0.0,'',0.0,0.0,0.0);
INSERT INTO "otr2_udp_in" VALUES(2,60,-5951584.743827,187275353.895426,5.19769499450922,5.19769499450922,5.19769499450922,2231.0,2231.0,2231.0,6.0,6.0,6.0,512.0,512.0,512.0,'192.168.0.2',57723.0,57723.0,57723.0);
INSERT INTO "otr2_udp_in" VALUES(2,61,-5951584.643702,187275353.995567,0.0,0.0,0.0,0.0,0.0,0.0,0.0,0.0,0.0,0.0,0.0,0.0,'',0.0,0.0,0.0);
INSERT INTO "otr2_udp_in" VALUES(2,62,-5951584.543572,187275354.114646,0.0,0.0,0.0,0.0,0.0,0.0,0.0,0.0,0.0,0.0,0.0,0.0,'',0.0,0.0,0.0);
INSERT INTO "otr2_udp_in" VALUES(2,63,-5951584.443451,187275354.195763,0.0,0.0,0.0,0.0,0.0,0.0,0.0,0.0,0.0,0.0,0.0,0.0,'',0.0,0.0,0.0);
INSERT INTO "otr2_udp_in" VALUES(2,64,-5951584.343331,187275354.295897,0.0,0.0,0.0,0.0,0.0,0.0,0.0,0.0,0.0,0.0,0.0,0.0,'',0.0,0.0,0.0);
INSERT INTO "otr2_udp_in" VALUES(2,65,-5951584.24320301,187275354.395853,0.0,0.0,0.0,0.0,0.0,0.0,0.0,0.0,0.0,0.0,0.0,0.0,'',0.0,0.0,0.0);
INSERT INTO "otr2_udp_in" VALUES(2,66,-5951584.14308401,187275354.496035,0.0,0.0,0.0,0.0,0.0,0.0,0.0,0.0,0.0,0.0,0.0,0.0,'',0.0,0.0,0.0);
INSERT INTO "otr2_udp_in" VALUES(2,67,-5951584.042966,187275354.596229,0.0,0.0,0.0,0.0,0.0,0.0,0.0,0.0,0.0,0.0,0.0,0.0,'',0.0,0.0,0.0);
INSERT INTO "otr2_udp_in" VALUES(2,68,-5951583.942845,187275354.696488,0.0,0.0,0.0,0.0,0.0,0.0,0.0,0.0,0.0,0.0,0.0,0.0,'',0.0,0.0,0.0);
INSERT INTO "otr2_udp_in" VALUES(2,69,-5951583.842716,187275354.79636,0.0,0.0,0.0,0.0,0.0,0.0,0.0,0.0,0.0,0.0,0.0,0.0,'',0.0,0.0,0.0);
INSERT INTO "otr2_udp_in" VALUES(2,70,-5951583.742596,187275354.896605,6.17641999572515,6.17641999572515,6.17641999572515,2231.0,2231.0,2231.0,7.0,7.0,7.0,512.0,512.0,512.0,'192.168.0.2',57723.0,57723.0,57723.0);
INSERT INTO "otr2_udp_in" VALUES(2,71,-5951583.642471,187275354.996747,0.0,0.0,0.0,0.0,0.0,0.0,0.0,0.0,0.0,0.0,0.0,0.0,'',0.0,0.0,0.0);
INSERT INTO "otr2_udp_in" VALUES(2,72,-5951583.54234301,187275355.10613,0.0,0.0,0.0,0.0,0.0,0.0,0.0,0.0,0.0,0.0,0.0,0.0,'',0.0,0.0,0.0);
INSERT INTO "otr2_udp_in" VALUES(2,73,-5951583.44222401,187275355.196892,0.0,0.0,0.0,0.0,0.0,0.0,0.0,0.0,0.0,0.0,0.0,0.0,'',0.0,0.0,0.0);
INSERT INTO "otr2_udp_in" VALUES(2,74,-5951583.34209801,187275355.297073,0.0,0.0,0.0,0.0,0.0,0.0,0.0,0.0,0.0,0.0,0.0,0.0,'',0.0,0.0,0.0);
INSERT INTO "otr2_udp_in" VALUES(2,75,-5951583.24197,187275355.397265,0.0,0.0,0.0,0.0,0.0,0.0,0.0,0.0,0.0,0.0,0.0,0.0,'',0.0,0.0,0.0);
INSERT INTO "otr2_udp_in" VALUES(2,76,-5951583.14184901,187275355.497458,0.0,0.0,0.0,0.0,0.0,0.0,0.0,0.0,0.0,0.0,0.0,0.0,'',0.0,0.0,0.0);
INSERT INTO "otr2_udp_in" VALUES(2,77,-5951583.04173101,187275355.597401,0.0,0.0,0.0,0.0,0.0,0.0,0.0,0.0,0.0,0.0,0.0,0.0,'',0.0,0.0,0.0);
INSERT INTO "otr2_udp_in" VALUES(2,78,-5951582.94160901,187275355.697663,0.0,0.0,0.0,0.0,0.0,0.0,0.0,0.0,0.0,0.0,0.0,0.0,'',0.0,0.0,0.0);
INSERT INTO "otr2_udp_in" VALUES(2,79,-5951582.841481,187275355.797786,0.0,0.0,0.0,0.0,0.0,0.0,0.0,0.0,0.0,0.0,0.0,0.0,'',0.0,0.0,0.0);
INSERT INTO "otr2_udp_in" VALUES(2,80,-5951582.74136201,187275355.898032,7.16559299826622,7.16559299826622,7.16559299826622,2231.0,2231.0,2231.0,8.0,8.0,8.0,512.0,512.0,512.0,'192.168.0.2',57723.0,57723.0,57723.0);
INSERT INTO "otr2_udp_in" VALUES(2,81,-5951582.64123701,187275355.998183,0.0,0.0,0.0,0.0,0.0,0.0,0.0,0.0,0.0,0.0,0.0,0.0,'',0.0,0.0,0.0);
INSERT INTO "otr2_udp_in" VALUES(2,82,-5951582.54110901,187275356.131595,0.0,0.0,0.0,0.0,0.0,0.0,0.0,0.0,0.0,0.0,0.0,0.0,'',0.0,0.0,0.0);
INSERT INTO "otr2_udp_in" VALUES(2,83,-5951582.44099102,187275356.198321,0.0,0.0,0.0,0.0,0.0,0.0,0.0,0.0,0.0,0.0,0.0,0.0,'',0.0,0.0,0.0);
INSERT INTO "otr2_udp_in" VALUES(2,84,-5951582.34087101,187275356.298496,0.0,0.0,0.0,0.0,0.0,0.0,0.0,0.0,0.0,0.0,0.0,0.0,'',0.0,0.0,0.0);
INSERT INTO "otr2_udp_in" VALUES(2,85,-5951582.24074301,187275356.398441,0.0,0.0,0.0,0.0,0.0,0.0,0.0,0.0,0.0,0.0,0.0,0.0,'',0.0,0.0,0.0);
INSERT INTO "otr2_udp_in" VALUES(2,86,-5951582.14062301,187275356.498633,0.0,0.0,0.0,0.0,0.0,0.0,0.0,0.0,0.0,0.0,0.0,0.0,'',0.0,0.0,0.0);
INSERT INTO "otr2_udp_in" VALUES(2,87,-5951582.04050501,187275356.598825,0.0,0.0,0.0,0.0,0.0,0.0,0.0,0.0,0.0,0.0,0.0,0.0,'',0.0,0.0,0.0);
INSERT INTO "otr2_udp_in" VALUES(2,88,-5951581.94038601,187275356.699089,0.0,0.0,0.0,0.0,0.0,0.0,0.0,0.0,0.0,0.0,0.0,0.0,'',0.0,0.0,0.0);
INSERT INTO "otr2_udp_in" VALUES(2,89,-5951581.84025701,187275356.798963,0.0,0.0,0.0,0.0,0.0,0.0,0.0,0.0,0.0,0.0,0.0,0.0,'',0.0,0.0,0.0);
INSERT INTO "otr2_udp_in" VALUES(2,90,-5951581.74013601,187275356.899208,8.17284199595451,8.17284199595451,8.17284199595451,2231.0,2231.0,2231.0,9.0,9.0,9.0,512.0,512.0,512.0,'192.168.0.2',57723.0,57723.0,57723.0);
INSERT INTO "otr2_udp_in" VALUES(2,91,-5951581.64001002,187275356.999348,0.0,0.0,0.0,0.0,0.0,0.0,0.0,0.0,0.0,0.0,0.0,0.0,'',0.0,0.0,0.0);
INSERT INTO "otr2_udp_in" VALUES(2,92,-5951581.53988101,187275357.114438,0.0,0.0,0.0,0.0,0.0,0.0,0.0,0.0,0.0,0.0,0.0,0.0,'',0.0,0.0,0.0);
INSERT INTO "otr2_udp_in" VALUES(2,93,-5951581.43976301,187275357.199498,0.0,0.0,0.0,0.0,0.0,0.0,0.0,0.0,0.0,0.0,0.0,0.0,'',0.0,0.0,0.0);
INSERT INTO "otr2_udp_in" VALUES(2,94,-5951581.33964001,187275357.299706,0.0,0.0,0.0,0.0,0.0,0.0,0.0,0.0,0.0,0.0,0.0,0.0,'',0.0,0.0,0.0);
INSERT INTO "otr2_udp_in" VALUES(2,95,-5951581.23950701,187275357.399867,0.0,0.0,0.0,0.0,0.0,0.0,0.0,0.0,0.0,0.0,0.0,0.0,'',0.0,0.0,0.0);
INSERT INTO "otr2_udp_in" VALUES(2,96,-5951581.13938701,187275357.50006,0.0,0.0,0.0,0.0,0.0,0.0,0.0,0.0,0.0,0.0,0.0,0.0,'',0.0,0.0,0.0);
INSERT INTO "otr2_udp_in" VALUES(2,97,-5951581.039268,187275357.600014,0.0,0.0,0.0,0.0,0.0,0.0,0.0,0.0,0.0,0.0,0.0,0.0,'',0.0,0.0,0.0);
INSERT INTO "otr2_udp_in" VALUES(2,98,-5951580.93914701,187275357.700267,0.0,0.0,0.0,0.0,0.0,0.0,0.0,0.0,0.0,0.0,0.0,0.0,'',0.0,0.0,0.0);
INSERT INTO "otr2_udp_in" VALUES(2,99,-5951580.83902002,187275357.800388,0.0,0.0,0.0,0.0,0.0,0.0,0.0,0.0,0.0,0.0,0.0,0.0,'',0.0,0.0,0.0);
INSERT INTO "otr2_udp_in" VALUES(2,100,-5951580.73889901,187275357.900631,9.18387798964977,9.18387798964977,9.18387798964977,2231.0,2231.0,2231.0,10.0,10.0,10.0,512.0,512.0,512.0,'192.168.0.2',57723.0,57723.0,57723.0);
INSERT INTO "otr2_udp_in" VALUES(2,101,-5951580.63877201,187275358.000772,0.0,0.0,0.0,0.0,0.0,0.0,0.0,0.0,0.0,0.0,0.0,0.0,'',0.0,0.0,0.0);
INSERT INTO "otr2_udp_in" VALUES(2,102,-5951580.53863801,187275358.100749,0.0,0.0,0.0,0.0,0.0,0.0,0.0,0.0,0.0,0.0,0.0,0.0,'',0.0,0.0,0.0);
INSERT INTO "otr2_udp_in" VALUES(2,103,-5951580.43851501,187275358.200917,0.0,0.0,0.0,0.0,0.0,0.0,0.0,0.0,0.0,0.0,0.0,0.0,'',0.0,0.0,0.0);
INSERT INTO "otr2_udp_in" VALUES(2,104,-5951580.33839101,187275358.301104,0.0,0.0,0.0,0.0,0.0,0.0,0.0,0.0,0.0,0.0,0.0,0.0,'',0.0,0.0,0.0);
INSERT INTO "otr2_udp_in" VALUES(2,105,-5951580.23826401,187275358.401292,0.0,0.0,0.0,0.0,0.0,0.0,0.0,0.0,0.0,0.0,0.0,0.0,'',0.0,0.0,0.0);
INSERT INTO "otr2_udp_in" VALUES(2,106,-5951580.138144,187275358.501235,0.0,0.0,0.0,0.0,0.0,0.0,0.0,0.0,0.0,0.0,0.0,0.0,'',0.0,0.0,0.0);
INSERT INTO "otr2_udp_in" VALUES(2,107,-5951580.03802601,187275358.601428,0.0,0.0,0.0,0.0,0.0,0.0,0.0,0.0,0.0,0.0,0.0,0.0,'',0.0,0.0,0.0);
INSERT INTO "otr2_udp_in" VALUES(2,108,-5951579.937904,187275358.701689,0.0,0.0,0.0,0.0,0.0,0.0,0.0,0.0,0.0,0.0,0.0,0.0,'',0.0,0.0,0.0);
INSERT INTO "otr2_udp_in" VALUES(2,109,-5951579.83777401,187275358.801813,0.0,0.0,0.0,0.0,0.0,0.0,0.0,0.0,0.0,0.0,0.0,0.0,'',0.0,0.0,0.0);
INSERT INTO "otr2_udp_in" VALUES(2,110,-5951579.73765502,187275358.901809,10.1636629998684,10.1636629998684,10.1636629998684,2231.0,2231.0,2231.0,11.0,11.0,11.0,512.0,512.0,512.0,'192.168.0.2',57723.0,57723.0,57723.0);
INSERT INTO "otr2_udp_in" VALUES(2,111,-5951579.63753002,187275359.001949,0.0,0.0,0.0,0.0,0.0,0.0,0.0,0.0,0.0,0.0,0.0,0.0,'',0.0,0.0,0.0);
INSERT INTO "otr2_udp_in" VALUES(2,112,-5951579.53740201,187275359.102177,0.0,0.0,0.0,0.0,0.0,0.0,0.0,0.0,0.0,0.0,0.0,0.0,'',0.0,0.0,0.0);
INSERT INTO "otr2_udp_in" VALUES(2,113,-5951579.43728201,187275359.202106,0.0,0.0,0.0,0.0,0.0,0.0,0.0,0.0,0.0,0.0,0.0,0.0,'',0.0,0.0,0.0);
INSERT INTO "otr2_udp_in" VALUES(2,114,-5951579.33716001,187275359.30228,0.0,0.0,0.0,0.0,0.0,0.0,0.0,0.0,0.0,0.0,0.0,0.0,'',0.0,0.0,0.0);
INSERT INTO "otr2_udp_in" VALUES(2,115,-5951579.23703401,187275359.40247,0.0,0.0,0.0,0.0,0.0,0.0,0.0,0.0,0.0,0.0,0.0,0.0,'',0.0,0.0,0.0);
INSERT INTO "otr2_udp_in" VALUES(2,116,-5951579.13691402,187275359.502678,0.0,0.0,0.0,0.0,0.0,0.0,0.0,0.0,0.0,0.0,0.0,0.0,'',0.0,0.0,0.0);
INSERT INTO "otr2_udp_in" VALUES(2,117,-5951579.03679501,187275359.602605,0.0,0.0,0.0,0.0,0.0,0.0,0.0,0.0,0.0,0.0,0.0,0.0,'',0.0,0.0,0.0);
INSERT INTO "otr2_udp_in" VALUES(2,118,-5951578.93667402,187275359.702866,0.0,0.0,0.0,0.0,0.0,0.0,0.0,0.0,0.0,0.0,0.0,0.0,'',0.0,0.0,0.0);
INSERT INTO "otr2_udp_in" VALUES(2,119,-5951578.83654601,187275359.802989,0.0,0.0,0.0,0.0,0.0,0.0,0.0,0.0,0.0,0.0,0.0,0.0,'',0.0,0.0,0.0);
INSERT INTO "otr2_udp_in" VALUES(2,120,-5951578.73642701,187275359.903235,11.1653549969196,11.1653549969196,11.1653549969196,2231.0,2231.0,2231.0,12.0,12.0,12.0,512.0,512.0,512.0,'192.168.0.2',57723.0,57723.0,57723.0);
INSERT INTO "otr2_udp_in" VALUES(2,121,-5951578.63630201,187275360.003375,0.0,0.0,0.0,0.0,0.0,0.0,0.0,0.0,0.0,0.0,0.0,0.0,'',0.0,0.0,0.0);
INSERT INTO "otr2_udp_in" VALUES(2,122,-5951578.536172,187275360.103338,0.0,0.0,0.0,0.0,0.0,0.0,0.0,0.0,0.0,0.0,0.0,0.0,'',0.0,0.0,0.0);
INSERT INTO "otr2_udp_in" VALUES(2,123,-5951578.43605101,187275360.203521,0.0,0.0,0.0,0.0,0.0,0.0,0.0,0.0,0.0,0.0,0.0,0.0,'',0.0,0.0,0.0);
INSERT INTO "otr2_udp_in" VALUES(2,124,-5951578.33592901,187275360.303708,0.0,0.0,0.0,0.0,0.0,0.0,0.0,0.0,0.0,0.0,0.0,0.0,'',0.0,0.0,0.0);
INSERT INTO "otr2_udp_in" VALUES(2,125,-5951578.23580101,187275360.403895,0.0,0.0,0.0,0.0,0.0,0.0,0.0,0.0,0.0,0.0,0.0,0.0,'',0.0,0.0,0.0);
INSERT INTO "otr2_udp_in" VALUES(2,126,-5951578.135682,187275360.503836,0.0,0.0,0.0,0.0,0.0,0.0,0.0,0.0,0.0,0.0,0.0,0.0,'',0.0,0.0,0.0);
INSERT INTO "otr2_udp_in" VALUES(2,127,-5951578.03556401,187275360.604029,0.0,0.0,0.0,0.0,0.0,0.0,0.0,0.0,0.0,0.0,0.0,0.0,'',0.0,0.0,0.0);
INSERT INTO "otr2_udp_in" VALUES(2,128,-5951577.93544401,187275360.704293,0.0,0.0,0.0,0.0,0.0,0.0,0.0,0.0,0.0,0.0,0.0,0.0,'',0.0,0.0,0.0);
INSERT INTO "otr2_udp_in" VALUES(2,129,-5951577.835317,187275360.804179,0.0,0.0,0.0,0.0,0.0,0.0,0.0,0.0,0.0,0.0,0.0,0.0,'',0.0,0.0,0.0);
INSERT INTO "otr2_udp_in" VALUES(2,130,-5951577.73519801,187275360.904411,12.1671589910984,12.1671589910984,12.1671589910984,2231.0,2231.0,2231.0,13.0,13.0,13.0,512.0,512.0,512.0,'192.168.0.2',57723.0,57723.0,57723.0);
INSERT INTO "otr2_udp_in" VALUES(2,131,-5951577.635075,187275361.004554,0.0,0.0,0.0,0.0,0.0,0.0,0.0,0.0,0.0,0.0,0.0,0.0,'',0.0,0.0,0.0);
INSERT INTO "otr2_udp_in" VALUES(2,132,-5951577.53494701,187275361.104774,0.0,0.0,0.0,0.0,0.0,0.0,0.0,0.0,0.0,0.0,0.0,0.0,'',0.0,0.0,0.0);
INSERT INTO "otr2_udp_in" VALUES(2,133,-5951577.434826,187275361.204944,0.0,0.0,0.0,0.0,0.0,0.0,0.0,0.0,0.0,0.0,0.0,0.0,'',0.0,0.0,0.0);
INSERT INTO "otr2_udp_in" VALUES(2,134,-5951577.33470302,187275361.304881,0.0,0.0,0.0,0.0,0.0,0.0,0.0,0.0,0.0,0.0,0.0,0.0,'',0.0,0.0,0.0);
INSERT INTO "otr2_udp_in" VALUES(2,135,-5951577.23457301,187275361.40507,0.0,0.0,0.0,0.0,0.0,0.0,0.0,0.0,0.0,0.0,0.0,0.0,'',0.0,0.0,0.0);
INSERT INTO "otr2_udp_in" VALUES(2,136,-5951577.13450001,187275361.505262,0.0,0.0,0.0,0.0,0.0,0.0,0.0,0.0,0.0,0.0,0.0,0.0,'',0.0,0.0,0.0);
INSERT INTO "otr2_udp_in" VALUES(2,137,-5951577.034382,187275361.605205,0.0,0.0,0.0,0.0,0.0,0.0,0.0,0.0,0.0,0.0,0.0,0.0,'',0.0,0.0,0.0);
INSERT INTO "otr2_udp_in" VALUES(2,138,-5951576.93426101,187275361.705465,0.0,0.0,0.0,0.0,0.0,0.0,0.0,0.0,0.0,0.0,0.0,0.0,'',0.0,0.0,0.0);
INSERT INTO "otr2_udp_in" VALUES(2,139,-5951576.83413401,187275361.805591,0.0,0.0,0.0,0.0,0.0,0.0,0.0,0.0,0.0,0.0,0.0,0.0,'',0.0,0.0,0.0);
INSERT INTO "otr2_udp_in" VALUES(2,140,-5951576.734015,187275361.905851,13.1654579937458,13.1654579937458,13.1654579937458,2231.0,2231.0,2231.0,14.0,14.0,14.0,512.0,512.0,512.0,'192.168.0.2',57723.0,57723.0,57723.0);
INSERT INTO "otr2_udp_in" VALUES(2,141,-5951576.63389,187275362.005728,0.0,0.0,0.0,0.0,0.0,0.0,0.0,0.0,0.0,0.0,0.0,0.0,'',0.0,0.0,0.0);
INSERT INTO "otr2_udp_in" VALUES(2,142,-5951576.53376201,187275362.105949,0.0,0.0,0.0,0.0,0.0,0.0,0.0,0.0,0.0,0.0,0.0,0.0,'',0.0,0.0,0.0);
INSERT INTO "otr2_udp_in" VALUES(2,143,-5951576.43364202,187275362.20612,0.0,0.0,0.0,0.0,0.0,0.0,0.0,0.0,0.0,0.0,0.0,0.0,'',0.0,0.0,0.0);
INSERT INTO "otr2_udp_in" VALUES(2,144,-5951576.33352201,187275362.306321,0.0,0.0,0.0,0.0,0.0,0.0,0.0,0.0,0.0,0.0,0.0,0.0,'',0.0,0.0,0.0);
INSERT INTO "otr2_udp_in" VALUES(2,145,-5951576.23339501,187275362.406249,0.0,0.0,0.0,0.0,0.0,0.0,0.0,0.0,0.0,0.0,0.0,0.0,'',0.0,0.0,0.0);
INSERT INTO "otr2_udp_in" VALUES(2,146,-5951576.133275,187275362.506439,0.0,0.0,0.0,0.0,0.0,0.0,0.0,0.0,0.0,0.0,0.0,0.0,'',0.0,0.0,0.0);
INSERT INTO "otr2_udp_in" VALUES(2,147,-5951576.03315701,187275362.606632,0.0,0.0,0.0,0.0,0.0,0.0,0.0,0.0,0.0,0.0,0.0,0.0,'',0.0,0.0,0.0);
INSERT INTO "otr2_udp_in" VALUES(2,148,-5951575.93303602,187275362.706893,0.0,0.0,0.0,0.0,0.0,0.0,0.0,0.0,0.0,0.0,0.0,0.0,'',0.0,0.0,0.0);
INSERT INTO "otr2_udp_in" VALUES(2,149,-5951575.83290701,187275362.806768,14.1831719875336,14.1831719875336,14.1831719875336,2231.0,2231.0,2231.0,15.0,15.0,15.0,512.0,512.0,512.0,'192.168.0.2',57723.0,57723.0,57723.0);
INSERT INTO "otr2_udp_in" VALUES(2,150,-5951575.732785,187275362.90701,0.0,0.0,0.0,0.0,0.0,0.0,0.0,0.0,0.0,0.0,0.0,0.0,'',0.0,0.0,0.0);
INSERT INTO "otr2_udp_in" VALUES(2,151,-5951575.63266102,187275363.007155,0.0,0.0,0.0,0.0,0.0,0.0,0.0,0.0,0.0,0.0,0.0,0.0,'',0.0,0.0,0.0);
INSERT INTO "otr2_udp_in" VALUES(2,152,-5951575.53252702,187275363.107367,0.0,0.0,0.0,0.0,0.0,0.0,0.0,0.0,0.0,0.0,0.0,0.0,'',0.0,0.0,0.0);
INSERT INTO "otr2_udp_in" VALUES(2,153,-5951575.43240701,187275363.2073,0.0,0.0,0.0,0.0,0.0,0.0,0.0,0.0,0.0,0.0,0.0,0.0,'',0.0,0.0,0.0);
INSERT INTO "otr2_udp_in" VALUES(2,154,-5951575.332286,187275363.307485,0.0,0.0,0.0,0.0,0.0,0.0,0.0,0.0,0.0,0.0,0.0,0.0,'',0.0,0.0,0.0);
INSERT INTO "otr2_udp_in" VALUES(2,155,-5951575.23215701,187275363.407673,0.0,0.0,0.0,0.0,0.0,0.0,0.0,0.0,0.0,0.0,0.0,0.0,'',0.0,0.0,0.0);
INSERT INTO "otr2_udp_in" VALUES(2,156,-5951575.13203801,187275363.507864,0.0,0.0,0.0,0.0,0.0,0.0,0.0,0.0,0.0,0.0,0.0,0.0,'',0.0,0.0,0.0);
INSERT INTO "otr2_udp_in" VALUES(2,157,-5951575.03192102,187275363.607807,0.0,0.0,0.0,0.0,0.0,0.0,0.0,0.0,0.0,0.0,0.0,0.0,'',0.0,0.0,0.0);
INSERT INTO "otr2_udp_in" VALUES(2,158,-5951574.93179801,187275363.708082,0.0,0.0,0.0,0.0,0.0,0.0,0.0,0.0,0.0,0.0,0.0,0.0,'',0.0,0.0,0.0);
INSERT INTO "otr2_udp_in" VALUES(2,159,-5951574.83166701,187275363.808192,0.0,0.0,0.0,0.0,0.0,0.0,0.0,0.0,0.0,0.0,0.0,0.0,'',0.0,0.0,0.0);
INSERT INTO "otr2_udp_in" VALUES(2,160,-5951574.73154602,187275363.908456,15.1656579971313,15.1656579971313,15.1656579971313,2231.0,2231.0,2231.0,16.0,16.0,16.0,512.0,512.0,512.0,'192.168.0.2',57723.0,57723.0,57723.0);
INSERT INTO "otr2_udp_in" VALUES(2,161,-5951574.63142202,187275364.008329,0.0,0.0,0.0,0.0,0.0,0.0,0.0,0.0,0.0,0.0,0.0,0.0,'',0.0,0.0,0.0);
INSERT INTO "otr2_udp_in" VALUES(2,162,-5951574.53129402,187275364.108555,0.0,0.0,0.0,0.0,0.0,0.0,0.0,0.0,0.0,0.0,0.0,0.0,'',0.0,0.0,0.0);
INSERT INTO "otr2_udp_in" VALUES(2,163,-5951574.431171,187275364.208722,0.0,0.0,0.0,0.0,0.0,0.0,0.0,0.0,0.0,0.0,0.0,0.0,'',0.0,0.0,0.0);
INSERT INTO "otr2_udp_in" VALUES(2,164,-5951574.33104402,187275364.308911,0.0,0.0,0.0,0.0,0.0,0.0,0.0,0.0,0.0,0.0,0.0,0.0,'',0.0,0.0,0.0);
INSERT INTO "otr2_udp_in" VALUES(2,165,-5951574.23091603,187275364.408848,0.0,0.0,0.0,0.0,0.0,0.0,0.0,0.0,0.0,0.0,0.0,0.0,'',0.0,0.0,0.0);
INSERT INTO "otr2_udp_in" VALUES(2,166,-5951574.130795,187275364.509072,0.0,0.0,0.0,0.0,0.0,0.0,0.0,0.0,0.0,0.0,0.0,0.0,'',0.0,0.0,0.0);
INSERT INTO "otr2_udp_in" VALUES(2,167,-5951574.03067702,187275364.609233,0.0,0.0,0.0,0.0,0.0,0.0,0.0,0.0,0.0,0.0,0.0,0.0,'',0.0,0.0,0.0);
INSERT INTO "otr2_udp_in" VALUES(2,168,-5951573.93055502,187275364.709495,0.0,0.0,0.0,0.0,0.0,0.0,0.0,0.0,0.0,0.0,0.0,0.0,'',0.0,0.0,0.0);
INSERT INTO "otr2_udp_in" VALUES(2,169,-5951573.83042601,187275364.809369,0.0,0.0,0.0,0.0,0.0,0.0,0.0,0.0,0.0,0.0,0.0,0.0,'',0.0,0.0,0.0);
INSERT INTO "otr2_udp_in" VALUES(2,170,-5951573.73030603,187275364.909614,16.1690429747105,16.1690429747105,16.1690429747105,2231.0,2231.0,2231.0,17.0,17.0,17.0,512.0,512.0,512.0,'192.168.0.2',57723.0,57723.0,57723.0);
INSERT INTO "otr2_udp_in" VALUES(2,171,-5951573.63018203,187275365.009759,0.0,0.0,0.0,0.0,0.0,0.0,0.0,0.0,0.0,0.0,0.0,0.0,'',0.0,0.0,0.0);
INSERT INTO "otr2_udp_in" VALUES(2,172,-5951573.530054,187275365.109978,0.0,0.0,0.0,0.0,0.0,0.0,0.0,0.0,0.0,0.0,0.0,0.0,'',0.0,0.0,0.0);
INSERT INTO "otr2_udp_in" VALUES(2,173,-5951573.42993301,187275365.209899,0.0,0.0,0.0,0.0,0.0,0.0,0.0,0.0,0.0,0.0,0.0,0.0,'',0.0,0.0,0.0);
INSERT INTO "otr2_udp_in" VALUES(2,174,-5951573.32981301,187275365.310087,0.0,0.0,0.0,0.0,0.0,0.0,0.0,0.0,0.0,0.0,0.0,0.0,'',0.0,0.0,0.0);
INSERT INTO "otr2_udp_in" VALUES(2,175,-5951573.22968602,187275365.410286,0.0,0.0,0.0,0.0,0.0,0.0,0.0,0.0,0.0,0.0,0.0,0.0,'',0.0,0.0,0.0);
INSERT INTO "otr2_udp_in" VALUES(2,176,-5951573.12956703,187275365.510467,0.0,0.0,0.0,0.0,0.0,0.0,0.0,0.0,0.0,0.0,0.0,0.0,'',0.0,0.0,0.0);
INSERT INTO "otr2_udp_in" VALUES(2,177,-5951573.029448,187275365.610408,0.0,0.0,0.0,0.0,0.0,0.0,0.0,0.0,0.0,0.0,0.0,0.0,'',0.0,0.0,0.0);
INSERT INTO "otr2_udp_in" VALUES(2,178,-5951572.92932201,187275365.710672,0.0,0.0,0.0,0.0,0.0,0.0,0.0,0.0,0.0,0.0,0.0,0.0,'',0.0,0.0,0.0);
INSERT INTO "otr2_udp_in" VALUES(2,179,-5951572.82919401,187275365.810796,0.0,0.0,0.0,0.0,0.0,0.0,0.0,0.0,0.0,0.0,0.0,0.0,'',0.0,0.0,0.0);
INSERT INTO "otr2_udp_in" VALUES(2,180,-5951572.72907302,187275365.911039,17.1704049706459,17.1704049706459,17.1704049706459,2231.0,2231.0,2231.0,18.0,18.0,18.0,512.0,512.0,512.0,'192.168.0.2',57723.0,57723.0,57723.0);
INSERT INTO "otr2_udp_in" VALUES(2,181,-5951572.62894902,187275366.011181,0.0,0.0,0.0,0.0,0.0,0.0,0.0,0.0,0.0,0.0,0.0,0.0,'',0.0,0.0,0.0);
INSERT INTO "otr2_udp_in" VALUES(2,182,-5951572.52882102,187275366.111145,0.0,0.0,0.0,0.0,0.0,0.0,0.0,0.0,0.0,0.0,0.0,0.0,'',0.0,0.0,0.0);
INSERT INTO "otr2_udp_in" VALUES(2,183,-5951572.42870203,187275366.211326,0.0,0.0,0.0,0.0,0.0,0.0,0.0,0.0,0.0,0.0,0.0,0.0,'',0.0,0.0,0.0);
INSERT INTO "otr2_udp_in" VALUES(2,184,-5951572.32858202,187275366.311514,0.0,0.0,0.0,0.0,0.0,0.0,0.0,0.0,0.0,0.0,0.0,0.0,'',0.0,0.0,0.0);
INSERT INTO "otr2_udp_in" VALUES(2,185,-5951572.22845403,187275366.411449,0.0,0.0,0.0,0.0,0.0,0.0,0.0,0.0,0.0,0.0,0.0,0.0,'',0.0,0.0,0.0);
INSERT INTO "otr2_udp_in" VALUES(2,186,-5951572.12833503,187275366.511641,0.0,0.0,0.0,0.0,0.0,0.0,0.0,0.0,0.0,0.0,0.0,0.0,'',0.0,0.0,0.0);
INSERT INTO "otr2_udp_in" VALUES(2,187,-5951572.02821702,187275366.611835,0.0,0.0,0.0,0.0,0.0,0.0,0.0,0.0,0.0,0.0,0.0,0.0,'',0.0,0.0,0.0);
INSERT INTO "otr2_udp_in" VALUES(2,188,-5951571.92809701,187275366.712097,0.0,0.0,0.0,0.0,0.0,0.0,0.0,0.0,0.0,0.0,0.0,0.0,'',0.0,0.0,0.0);
INSERT INTO "otr2_udp_in" VALUES(2,189,-5951571.82797003,187275366.811971,0.0,0.0,0.0,0.0,0.0,0.0,0.0,0.0,0.0,0.0,0.0,0.0,'',0.0,0.0,0.0);
INSERT INTO "otr2_udp_in" VALUES(2,190,-5951571.72785002,187275366.912224,18.1941489875317,18.1941489875317,18.1941489875317,2231.0,2231.0,2231.0,19.0,19.0,19.0,512.0,512.0,512.0,'192.168.0.2',57723.0,57723.0,57723.0);
INSERT INTO "otr2_udp_in" VALUES(2,191,-5951571.627727,187275367.012361,0.0,0.0,0.0,0.0,0.0,0.0,0.0,0.0,0.0,0.0,0.0,0.0,'',0.0,0.0,0.0);
INSERT INTO "otr2_udp_in" VALUES(2,192,-5951571.52759803,187275367.112581,0.0,0.0,0.0,0.0,0.0,0.0,0.0,0.0,0.0,0.0,0.0,0.0,'',0.0,0.0,0.0);
INSERT INTO "otr2_udp_in" VALUES(2,193,-5951571.42747802,187275367.212499,0.0,0.0,0.0,0.0,0.0,0.0,0.0,0.0,0.0,0.0,0.0,0.0,'',0.0,0.0,0.0);
INSERT INTO "otr2_udp_in" VALUES(2,194,-5951571.327353,187275367.312687,0.0,0.0,0.0,0.0,0.0,0.0,0.0,0.0,0.0,0.0,0.0,0.0,'',0.0,0.0,0.0);
INSERT INTO "otr2_udp_in" VALUES(2,195,-5951571.22722003,187275367.412876,0.0,0.0,0.0,0.0,0.0,0.0,0.0,0.0,0.0,0.0,0.0,0.0,'',0.0,0.0,0.0);
INSERT INTO "otr2_udp_in" VALUES(2,196,-5951571.12710101,187275367.513068,0.0,0.0,0.0,0.0,0.0,0.0,0.0,0.0,0.0,0.0,0.0,0.0,'',0.0,0.0,0.0);
INSERT INTO "otr2_udp_in" VALUES(2,197,-5951571.02698302,187275367.613011,0.0,0.0,0.0,0.0,0.0,0.0,0.0,0.0,0.0,0.0,0.0,0.0,'',0.0,0.0,0.0);
INSERT INTO "otr2_udp_in" VALUES(2,198,-5951570.92686302,187275367.713272,0.0,0.0,0.0,0.0,0.0,0.0,0.0,0.0,0.0,0.0,0.0,0.0,'',0.0,0.0,0.0);
INSERT INTO "otr2_udp_in" VALUES(2,199,-5951570.82673601,187275367.813397,0.0,0.0,0.0,0.0,0.0,0.0,0.0,0.0,0.0,0.0,0.0,0.0,'',0.0,0.0,0.0);
INSERT INTO "otr2_udp_in" VALUES(2,200,-5951570.72661701,187275367.913643,19.1755269765854,19.1755269765854,19.1755269765854,2231.0,2231.0,2231.0,20.0,20.0,20.0,512.0,512.0,512.0,'192.168.0.2',57723.0,57723.0,57723.0);
INSERT INTO "otr2_udp_in" VALUES(2,201,-5951570.62649101,187275368.013782,0.0,0.0,0.0,0.0,0.0,0.0,0.0,0.0,0.0,0.0,0.0,0.0,'',0.0,0.0,0.0);
INSERT INTO "otr2_udp_in" VALUES(2,202,-5951570.52635703,187275368.113753,0.0,0.0,0.0,0.0,0.0,0.0,0.0,0.0,0.0,0.0,0.0,0.0,'',0.0,0.0,0.0);
INSERT INTO "otr2_udp_in" VALUES(2,203,-5951570.42623702,187275368.213918,0.0,0.0,0.0,0.0,0.0,0.0,0.0,0.0,0.0,0.0,0.0,0.0,'',0.0,0.0,0.0);
INSERT INTO "otr2_udp_in" VALUES(2,204,-5951570.32611603,187275368.314115,0.0,0.0,0.0,0.0,0.0,0.0,0.0,0.0,0.0,0.0,0.0,0.0,'',0.0,0.0,0.0);
INSERT INTO "otr2_udp_in" VALUES(2,205,-5951570.22598902,187275368.414066,0.0,0.0,0.0,0.0,0.0,0.0,0.0,0.0,0.0,0.0,0.0,0.0,'',0.0,0.0,0.0);
INSERT INTO "otr2_udp_in" VALUES(2,206,-5951570.12586901,187275368.514246,0.0,0.0,0.0,0.0,0.0,0.0,0.0,0.0,0.0,0.0,0.0,0.0,'',0.0,0.0,0.0);
INSERT INTO "otr2_udp_in" VALUES(2,207,-5951570.02575103,187275368.614438,0.0,0.0,0.0,0.0,0.0,0.0,0.0,0.0,0.0,0.0,0.0,0.0,'',0.0,0.0,0.0);
INSERT INTO "otr2_udp_in" VALUES(2,208,-5951569.92562702,187275368.7147,0.0,0.0,0.0,0.0,0.0,0.0,0.0,0.0,0.0,0.0,0.0,0.0,'',0.0,0.0,0.0);
INSERT INTO "otr2_udp_in" VALUES(2,209,-5951569.82549101,187275368.814574,20.175617992878,20.175617992878,20.175617992878,2231.0,2231.0,2231.0,21.0,21.0,21.0,512.0,512.0,512.0,'192.168.0.2',57723.0,57723.0,57723.0);
INSERT INTO "otr2_udp_in" VALUES(2,210,-5951569.72536603,187275368.914818,0.0,0.0,0.0,0.0,0.0,0.0,0.0,0.0,0.0,0.0,0.0,0.0,'',0.0,0.0,0.0);
INSERT INTO "otr2_udp_in" VALUES(2,211,-5951569.62524402,187275369.014958,0.0,0.0,0.0,0.0,0.0,0.0,0.0,0.0,0.0,0.0,0.0,0.0,'',0.0,0.0,0.0);
INSERT INTO "otr2_udp_in" VALUES(2,212,-5951569.52511403,187275369.115175,0.0,0.0,0.0,0.0,0.0,0.0,0.0,0.0,0.0,0.0,0.0,0.0,'',0.0,0.0,0.0);
INSERT INTO "otr2_udp_in" VALUES(2,213,-5951569.42499301,187275369.215095,0.0,0.0,0.0,0.0,0.0,0.0,0.0,0.0,0.0,0.0,0.0,0.0,'',0.0,0.0,0.0);
INSERT INTO "otr2_udp_in" VALUES(2,214,-5951569.32487002,187275369.315293,0.0,0.0,0.0,0.0,0.0,0.0,0.0,0.0,0.0,0.0,0.0,0.0,'',0.0,0.0,0.0);
INSERT INTO "otr2_udp_in" VALUES(2,215,-5951569.22474301,187275369.415477,0.0,0.0,0.0,0.0,0.0,0.0,0.0,0.0,0.0,0.0,0.0,0.0,'',0.0,0.0,0.0);
INSERT INTO "otr2_udp_in" VALUES(2,216,-5951569.12462402,187275369.515687,0.0,0.0,0.0,0.0,0.0,0.0,0.0,0.0,0.0,0.0,0.0,0.0,'',0.0,0.0,0.0);
INSERT INTO "otr2_udp_in" VALUES(2,217,-5951569.02450103,187275369.615613,0.0,0.0,0.0,0.0,0.0,0.0,0.0,0.0,0.0,0.0,0.0,0.0,'',0.0,0.0,0.0);
INSERT INTO "otr2_udp_in" VALUES(2,218,-5951568.92438001,187275369.715874,0.0,0.0,0.0,0.0,0.0,0.0,0.0,0.0,0.0,0.0,0.0,0.0,'',0.0,0.0,0.0);
INSERT INTO "otr2_udp_in" VALUES(2,219,-5951568.82425201,187275369.815999,0.0,0.0,0.0,0.0,0.0,0.0,0.0,0.0,0.0,0.0,0.0,0.0,'',0.0,0.0,0.0);
INSERT INTO "otr2_udp_in" VALUES(2,220,-5951568.72413302,187275369.916251,21.1608119904995,21.1608119904995,21.1608119904995,2231.0,2231.0,2231.0,22.0,22.0,22.0,512.0,512.0,512.0,'192.168.0.2',57723.0,57723.0,57723.0);
INSERT INTO "otr2_udp_in" VALUES(2,221,-5951568.62400803,187275370.016384,0.0,0.0,0.0,0.0,0.0,0.0,0.0,0.0,0.0,0.0,0.0,0.0,'',0.0,0.0,0.0);
INSERT INTO "otr2_udp_in" VALUES(2,222,-5951568.52387202,187275370.11636,0.0,0.0,0.0,0.0,0.0,0.0,0.0,0.0,0.0,0.0,0.0,0.0,'',0.0,0.0,0.0);
INSERT INTO "otr2_udp_in" VALUES(2,223,-5951568.42373902,187275370.216521,0.0,0.0,0.0,0.0,0.0,0.0,0.0,0.0,0.0,0.0,0.0,0.0,'',0.0,0.0,0.0);
INSERT INTO "otr2_udp_in" VALUES(2,224,-5951568.32361201,187275370.316717,0.0,0.0,0.0,0.0,0.0,0.0,0.0,0.0,0.0,0.0,0.0,0.0,'',0.0,0.0,0.0);
INSERT INTO "otr2_udp_in" VALUES(2,225,-5951568.22348401,187275370.416905,0.0,0.0,0.0,0.0,0.0,0.0,0.0,0.0,0.0,0.0,0.0,0.0,'',0.0,0.0,0.0);
INSERT INTO "otr2_udp_in" VALUES(2,226,-5951568.12336502,187275370.516845,0.0,0.0,0.0,0.0,0.0,0.0,0.0,0.0,0.0,0.0,0.0,0.0,'',0.0,0.0,0.0);
INSERT INTO "otr2_udp_in" VALUES(2,227,-5951568.02324701,187275370.617037,0.0,0.0,0.0,0.0,0.0,0.0,0.0,0.0,0.0,0.0,0.0,0.0,'',0.0,0.0,0.0);
INSERT INTO "otr2_udp_in" VALUES(2,228,-5951567.92312601,187275370.717319,0.0,0.0,0.0,0.0,0.0,0.0,0.0,0.0,0.0,0.0,0.0,0.0,'',0.0,0.0,0.0);
INSERT INTO "otr2_udp_in" VALUES(2,229,-5951567.82299701,187275370.817425,0.0,0.0,0.0,0.0,0.0,0.0,0.0,0.0,0.0,0.0,0.0,0.0,'',0.0,0.0,0.0);
INSERT INTO "otr2_udp_in" VALUES(2,230,-5951567.72287703,187275370.917421,22.1832689940929,22.1832689940929,22.1832689940929,2231.0,2231.0,2231.0,23.0,23.0,23.0,512.0,512.0,512.0,'192.168.0.2',57723.0,57723.0,57723.0);
INSERT INTO "otr2_udp_in" VALUES(2,231,-5951567.62275303,187275371.017562,0.0,0.0,0.0,0.0,0.0,0.0,0.0,0.0,0.0,0.0,0.0,0.0,'',0.0,0.0,0.0);
INSERT INTO "otr2_udp_in" VALUES(2,232,-5951567.52262402,187275371.117787,0.0,0.0,0.0,0.0,0.0,0.0,0.0,0.0,0.0,0.0,0.0,0.0,'',0.0,0.0,0.0);
INSERT INTO "otr2_udp_in" VALUES(2,233,-5951567.42250502,187275371.217948,0.0,0.0,0.0,0.0,0.0,0.0,0.0,0.0,0.0,0.0,0.0,0.0,'',0.0,0.0,0.0);
INSERT INTO "otr2_udp_in" VALUES(2,234,-5951567.32238502,187275371.317892,0.0,0.0,0.0,0.0,0.0,0.0,0.0,0.0,0.0,0.0,0.0,0.0,'',0.0,0.0,0.0);
INSERT INTO "otr2_udp_in" VALUES(2,235,-5951567.222258,187275371.418092,0.0,0.0,0.0,0.0,0.0,0.0,0.0,0.0,0.0,0.0,0.0,0.0,'',0.0,0.0,0.0);
INSERT INTO "otr2_udp_in" VALUES(2,236,-5951567.12213803,187275371.518274,0.0,0.0,0.0,0.0,0.0,0.0,0.0,0.0,0.0,0.0,0.0,0.0,'',0.0,0.0,0.0);
INSERT INTO "otr2_udp_in" VALUES(2,237,-5951567.02202103,187275371.618215,0.0,0.0,0.0,0.0,0.0,0.0,0.0,0.0,0.0,0.0,0.0,0.0,'',0.0,0.0,0.0);
INSERT INTO "otr2_udp_in" VALUES(2,238,-5951566.92190001,187275371.718479,0.0,0.0,0.0,0.0,0.0,0.0,0.0,0.0,0.0,0.0,0.0,0.0,'',0.0,0.0,0.0);
INSERT INTO "otr2_udp_in" VALUES(2,239,-5951566.82177103,187275371.818601,23.1852919757366,23.1852919757366,23.1852919757366,2231.0,2231.0,2231.0,24.0,24.0,24.0,512.0,512.0,512.0,'192.168.0.2',57723.0,57723.0,57723.0);
INSERT INTO "otr2_udp_in" VALUES(2,240,-5951566.72164801,187275371.918863,0.0,0.0,0.0,0.0,0.0,0.0,0.0,0.0,0.0,0.0,0.0,0.0,'',0.0,0.0,0.0);
INSERT INTO "otr2_udp_in" VALUES(2,241,-5951566.621526,187275372.018986,0.0,0.0,0.0,0.0,0.0,0.0,0.0,0.0,0.0,0.0,0.0,0.0,'',0.0,0.0,0.0);
INSERT INTO "otr2_udp_in" VALUES(2,242,-5951566.52139801,187275372.118952,0.0,0.0,0.0,0.0,0.0,0.0,0.0,0.0,0.0,0.0,0.0,0.0,'',0.0,0.0,0.0);
INSERT INTO "otr2_udp_in" VALUES(2,243,-5951566.42127702,187275372.219123,0.0,0.0,0.0,0.0,0.0,0.0,0.0,0.0,0.0,0.0,0.0,0.0,'',0.0,0.0,0.0);
INSERT INTO "otr2_udp_in" VALUES(2,244,-5951566.32115701,187275372.319319,0.0,0.0,0.0,0.0,0.0,0.0,0.0,0.0,0.0,0.0,0.0,0.0,'',0.0,0.0,0.0);
INSERT INTO "otr2_udp_in" VALUES(2,245,-5951566.221028,187275372.419256,0.0,0.0,0.0,0.0,0.0,0.0,0.0,0.0,0.0,0.0,0.0,0.0,'',0.0,0.0,0.0);
INSERT INTO "otr2_udp_in" VALUES(2,246,-5951566.12090901,187275372.519447,0.0,0.0,0.0,0.0,0.0,0.0,0.0,0.0,0.0,0.0,0.0,0.0,'',0.0,0.0,0.0);
INSERT INTO "otr2_udp_in" VALUES(2,247,-5951566.02079103,187275372.619639,0.0,0.0,0.0,0.0,0.0,0.0,0.0,0.0,0.0,0.0,0.0,0.0,'',0.0,0.0,0.0);
INSERT INTO "otr2_udp_in" VALUES(2,248,-5951565.92067102,187275372.71992,0.0,0.0,0.0,0.0,0.0,0.0,0.0,0.0,0.0,0.0,0.0,0.0,'',0.0,0.0,0.0);
INSERT INTO "otr2_udp_in" VALUES(2,249,-5951565.82054103,187275372.820028,24.1675559878349,24.1675559878349,24.1675559878349,2231.0,2231.0,2231.0,25.0,25.0,25.0,512.0,512.0,512.0,'192.168.0.2',57723.0,57723.0,57723.0);
INSERT INTO "otr2_udp_in" VALUES(2,250,-5951565.72041801,187275372.920026,0.0,0.0,0.0,0.0,0.0,0.0,0.0,0.0,0.0,0.0,0.0,0.0,'',0.0,0.0,0.0);
INSERT INTO "otr2_udp_in" VALUES(2,251,-5951565.62029302,187275373.020164,0.0,0.0,0.0,0.0,0.0,0.0,0.0,0.0,0.0,0.0,0.0,0.0,'',0.0,0.0,0.0);
INSERT INTO "otr2_udp_in" VALUES(2,252,-5951565.52015901,187275373.120384,0.0,0.0,0.0,0.0,0.0,0.0,0.0,0.0,0.0,0.0,0.0,0.0,'',0.0,0.0,0.0);
INSERT INTO "otr2_udp_in" VALUES(2,253,-5951565.42003802,187275373.220551,0.0,0.0,0.0,0.0,0.0,0.0,0.0,0.0,0.0,0.0,0.0,0.0,'',0.0,0.0,0.0);
INSERT INTO "otr2_udp_in" VALUES(2,254,-5951565.31991202,187275373.320494,0.0,0.0,0.0,0.0,0.0,0.0,0.0,0.0,0.0,0.0,0.0,0.0,'',0.0,0.0,0.0);
INSERT INTO "otr2_udp_in" VALUES(2,255,-5951565.21978101,187275373.420681,0.0,0.0,0.0,0.0,0.0,0.0,0.0,0.0,0.0,0.0,0.0,0.0,'',0.0,0.0,0.0);
INSERT INTO "otr2_udp_in" VALUES(2,256,-5951565.11966101,187275373.520875,0.0,0.0,0.0,0.0,0.0,0.0,0.0,0.0,0.0,0.0,0.0,0.0,'',0.0,0.0,0.0);
INSERT INTO "otr2_udp_in" VALUES(2,257,-5951565.01954302,187275373.620817,0.0,0.0,0.0,0.0,0.0,0.0,0.0,0.0,0.0,0.0,0.0,0.0,'',0.0,0.0,0.0);
INSERT INTO "otr2_udp_in" VALUES(2,258,-5951564.91942001,187275373.721081,0.0,0.0,0.0,0.0,0.0,0.0,0.0,0.0,0.0,0.0,0.0,0.0,'',0.0,0.0,0.0);
INSERT INTO "otr2_udp_in" VALUES(2,259,-5951564.81928802,187275373.821203,25.1662809848785,25.1662809848785,25.1662809848785,2231.0,2231.0,2231.0,26.0,26.0,26.0,512.0,512.0,512.0,'192.168.0.2',57723.0,57723.0,57723.0);
INSERT INTO "otr2_udp_in" VALUES(2,260,-5951564.71916601,187275373.921448,0.0,0.0,0.0,0.0,0.0,0.0,0.0,0.0,0.0,0.0,0.0,0.0,'',0.0,0.0,0.0);
INSERT INTO "otr2_udp_in" VALUES(2,261,-5951564.619046,187275374.021588,0.0,0.0,0.0,0.0,0.0,0.0,0.0,0.0,0.0,0.0,0.0,0.0,'',0.0,0.0,0.0);
INSERT INTO "otr2_udp_in" VALUES(2,262,-5951564.51891801,187275374.121562,0.0,0.0,0.0,0.0,0.0,0.0,0.0,0.0,0.0,0.0,0.0,0.0,'',0.0,0.0,0.0);
INSERT INTO "otr2_udp_in" VALUES(2,263,-5951564.41879901,187275374.221781,0.0,0.0,0.0,0.0,0.0,0.0,0.0,0.0,0.0,0.0,0.0,0.0,'',0.0,0.0,0.0);
INSERT INTO "otr2_udp_in" VALUES(2,264,-5951564.31867901,187275374.321921,0.0,0.0,0.0,0.0,0.0,0.0,0.0,0.0,0.0,0.0,0.0,0.0,'',0.0,0.0,0.0);
INSERT INTO "otr2_udp_in" VALUES(2,265,-5951564.21855101,187275374.422121,0.0,0.0,0.0,0.0,0.0,0.0,0.0,0.0,0.0,0.0,0.0,0.0,'',0.0,0.0,0.0);
INSERT INTO "otr2_udp_in" VALUES(2,266,-5951564.11843202,187275374.522058,0.0,0.0,0.0,0.0,0.0,0.0,0.0,0.0,0.0,0.0,0.0,0.0,'',0.0,0.0,0.0);
INSERT INTO "otr2_udp_in" VALUES(2,267,-5951564.01831502,187275374.622243,0.0,0.0,0.0,0.0,0.0,0.0,0.0,0.0,0.0,0.0,0.0,0.0,'',0.0,0.0,0.0);
INSERT INTO "otr2_udp_in" VALUES(2,268,-5951563.91819501,187275374.722505,0.0,0.0,0.0,0.0,0.0,0.0,0.0,0.0,0.0,0.0,0.0,0.0,'',0.0,0.0,0.0);
INSERT INTO "otr2_udp_in" VALUES(2,269,-5951563.81806702,187275374.822629,26.1696959733963,26.1696959733963,26.1696959733963,2231.0,2231.0,2231.0,27.0,27.0,27.0,512.0,512.0,512.0,'192.168.0.2',57723.0,57723.0,57723.0);
INSERT INTO "otr2_udp_in" VALUES(2,270,-5951563.71794403,187275374.922624,0.0,0.0,0.0,0.0,0.0,0.0,0.0,0.0,0.0,0.0,0.0,0.0,'',0.0,0.0,0.0);
INSERT INTO "otr2_udp_in" VALUES(2,271,-5951563.61782202,187275375.022766,0.0,0.0,0.0,0.0,0.0,0.0,0.0,0.0,0.0,0.0,0.0,0.0,'',0.0,0.0,0.0);
INSERT INTO "otr2_udp_in" VALUES(2,272,-5951563.51769403,187275375.12298,0.0,0.0,0.0,0.0,0.0,0.0,0.0,0.0,0.0,0.0,0.0,0.0,'',0.0,0.0,0.0);
INSERT INTO "otr2_udp_in" VALUES(2,273,-5951563.417575,187275375.222899,0.0,0.0,0.0,0.0,0.0,0.0,0.0,0.0,0.0,0.0,0.0,0.0,'',0.0,0.0,0.0);
INSERT INTO "otr2_udp_in" VALUES(2,274,-5951563.31745503,187275375.323098,0.0,0.0,0.0,0.0,0.0,0.0,0.0,0.0,0.0,0.0,0.0,0.0,'',0.0,0.0,0.0);
INSERT INTO "otr2_udp_in" VALUES(2,275,-5951563.21732903,187275375.423283,0.0,0.0,0.0,0.0,0.0,0.0,0.0,0.0,0.0,0.0,0.0,0.0,'',0.0,0.0,0.0);
INSERT INTO "otr2_udp_in" VALUES(2,276,-5951563.11721,187275375.523475,0.0,0.0,0.0,0.0,0.0,0.0,0.0,0.0,0.0,0.0,0.0,0.0,'',0.0,0.0,0.0);
INSERT INTO "otr2_udp_in" VALUES(2,277,-5951563.017093,187275375.623419,0.0,0.0,0.0,0.0,0.0,0.0,0.0,0.0,0.0,0.0,0.0,0.0,'',0.0,0.0,0.0);
INSERT INTO "otr2_udp_in" VALUES(2,278,-5951562.91697303,187275375.723681,0.0,0.0,0.0,0.0,0.0,0.0,0.0,0.0,0.0,0.0,0.0,0.0,'',0.0,0.0,0.0);
INSERT INTO "otr2_udp_in" VALUES(2,279,-5951562.81684503,187275375.823806,27.1756039857864,27.1756039857864,27.1756039857864,2231.0,2231.0,2231.0,28.0,28.0,28.0,512.0,512.0,512.0,'192.168.0.2',57723.0,57723.0,57723.0);
INSERT INTO "otr2_udp_in" VALUES(2,280,-5951562.71672201,187275375.924057,0.0,0.0,0.0,0.0,0.0,0.0,0.0,0.0,0.0,0.0,0.0,0.0,'',0.0,0.0,0.0);
INSERT INTO "otr2_udp_in" VALUES(2,281,-5951562.61659903,187275376.02419,0.0,0.0,0.0,0.0,0.0,0.0,0.0,0.0,0.0,0.0,0.0,0.0,'',0.0,0.0,0.0);
INSERT INTO "otr2_udp_in" VALUES(2,282,-5951562.51647002,187275376.124164,0.0,0.0,0.0,0.0,0.0,0.0,0.0,0.0,0.0,0.0,0.0,0.0,'',0.0,0.0,0.0);
INSERT INTO "otr2_udp_in" VALUES(2,283,-5951562.41634903,187275376.224327,0.0,0.0,0.0,0.0,0.0,0.0,0.0,0.0,0.0,0.0,0.0,0.0,'',0.0,0.0,0.0);
INSERT INTO "otr2_udp_in" VALUES(2,284,-5951562.31622601,187275376.324523,0.0,0.0,0.0,0.0,0.0,0.0,0.0,0.0,0.0,0.0,0.0,0.0,'',0.0,0.0,0.0);
INSERT INTO "otr2_udp_in" VALUES(2,285,-5951562.21609801,187275376.424459,0.0,0.0,0.0,0.0,0.0,0.0,0.0,0.0,0.0,0.0,0.0,0.0,'',0.0,0.0,0.0);
INSERT INTO "otr2_udp_in" VALUES(2,286,-5951562.11597902,187275376.524653,0.0,0.0,0.0,0.0,0.0,0.0,0.0,0.0,0.0,0.0,0.0,0.0,'',0.0,0.0,0.0);
INSERT INTO "otr2_udp_in" VALUES(2,287,-5951562.01586101,187275376.624845,0.0,0.0,0.0,0.0,0.0,0.0,0.0,0.0,0.0,0.0,0.0,0.0,'',0.0,0.0,0.0);
INSERT INTO "otr2_udp_in" VALUES(2,288,-5951561.91574002,187275376.725105,0.0,0.0,0.0,0.0,0.0,0.0,0.0,0.0,0.0,0.0,0.0,0.0,'',0.0,0.0,0.0);
INSERT INTO "otr2_udp_in" VALUES(2,289,-5951561.81561101,187275376.825231,28.1608029901981,28.1608029901981,28.1608029901981,2231.0,2231.0,2231.0,29.0,29.0,29.0,512.0,512.0,512.0,'192.168.0.2',57723.0,57723.0,57723.0);
INSERT INTO "otr2_udp_in" VALUES(2,290,-5951561.71554503,187275376.925225,0.0,0.0,0.0,0.0,0.0,0.0,0.0,0.0,0.0,0.0,0.0,0.0,'',0.0,0.0,0.0);
INSERT INTO "otr2_udp_in" VALUES(2,291,-5951561.61542303,187275377.025366,0.0,0.0,0.0,0.0,0.0,0.0,0.0,0.0,0.0,0.0,0.0,0.0,'',0.0,0.0,0.0);
INSERT INTO "otr2_udp_in" VALUES(2,292,-5951561.51529402,187275377.125587,0.0,0.0,0.0,0.0,0.0,0.0,0.0,0.0,0.0,0.0,0.0,0.0,'',0.0,0.0,0.0);
INSERT INTO "otr2_udp_in" VALUES(2,293,-5951561.41517303,187275377.225501,0.0,0.0,0.0,0.0,0.0,0.0,0.0,0.0,0.0,0.0,0.0,0.0,'',0.0,0.0,0.0);
INSERT INTO "otr2_udp_in" VALUES(2,294,-5951561.31504801,187275377.325698,0.0,0.0,0.0,0.0,0.0,0.0,0.0,0.0,0.0,0.0,0.0,0.0,'',0.0,0.0,0.0);
INSERT INTO "otr2_udp_in" VALUES(2,295,-5951561.21491501,187275377.425898,0.0,0.0,0.0,0.0,0.0,0.0,0.0,0.0,0.0,0.0,0.0,0.0,'',0.0,0.0,0.0);
INSERT INTO "otr2_udp_in" VALUES(2,296,-5951561.11479601,187275377.526078,0.0,0.0,0.0,0.0,0.0,0.0,0.0,0.0,0.0,0.0,0.0,0.0,'',0.0,0.0,0.0);
INSERT INTO "otr2_udp_in" VALUES(2,297,-5951561.01466403,187275377.626351,0.0,0.0,0.0,0.0,0.0,0.0,0.0,0.0,0.0,0.0,0.0,0.0,'',0.0,0.0,0.0);
COMMIT;
